/*********************************************
 * OPL  Data
 * Author: Micha³ Lutoborski
 * Creation Date: 26-05-2016 at 19:41:49
 *********************************************/

/*************** PARAMETRY ZEWNÊTRZNE ***************/

// Miary wektorów
nbMachines = 5;
nbMonths = 3;
nbProducts = 4;

// Rozk³ad
distrColNb = 4;
distrRowNb = 1000;

// Liczba maszyn
maxMachines = [4 2 3 1 1];

// Koszty wykorzystania maszyn w produkcji
prodCost = [[ 0.4   0.6    0         0]
			[ 0.2   0.1    0       0.6]
			[ 0.1   0      0.7       0]
			[ 0.06  0.04   0      0.05]
			[ 0     0.05   0.02      0]];
			
// Zapotrzebowanie w miesi¹cach
monthMax = [[ 400     0   200   300]
			[ 700   400   500     0]
			[   0   800   600   400]];

// Magazyny - limit i koszt/sztuka
storageMax = [200 200 200 200];
storageCost = 1;

// Liczba godzin w miesi¹cu - 24 dni robocze po 2 zmiany po 8 godzin = 24 * 16 = 384
nbHours = 384;

/***************************** MPO *****************************/
asAvgProfit = 15000;       	// step of 15
utAvgProfit = 19347;
ndAvgProfit = -200;

asMaxRisk = 500;         	// step of 5
utMaxRisk = 0;
ndMaxRisk = 4752.5;

beta = 0.0001;
epsilon = 0.00005;

/************************* SCENARIUSZE *************************/

// MI-vector
mi = [9 8 7 6];

// Macierz kowariancji
covariance = [[ 16  -2  -1  -3]
			  [ -2   9  -4  -1]
			  [ -1  -4   4   1]
			  [ -3  -1   1   1]];

// Scenariusze
sellProfitR = [[9.78349426540595 8.29021531540575 7.77138599204705 5.51665469176755]
[9.05057529566419 8.16149982521778 6.70144267681211 5.67981065775364]
[8.77519487563952 8.4049050440212 5.70601582274826 6.4546260996298]
[10.8207636866707 7.0144164272591 6.69877962778024 5.65867877559841]
[11.5007773226927 6.48232383284708 7.81218389518503 6.29786106058742]
[8.19522141562358 10.3150336369812 6.96674261939434 6.56050301425416]
[7.39748210227128 9.18839485133028 6.67259381295924 5.966053594006]
[6.77135994234776 7.57730801219369 11.0766749421894 6.94553406337216]
[8.90782825110763 6.92306568062927 8.03863681983491 5.65893220841906]
[8.76636106200789 10.1136098654709 5.58527633162861 5.57487897103441]
[10.7736668911751 6.81472453455269 9.49663606616084 6.09419786459229]
[10.0931527789984 5.87399481202837 6.61043289619699 5.37476818162822]
[10.3968970477937 6.59321827749856 6.10031865976813 5.45991629607134]
[11.7328091986533 6.90734154429663 7.41112154410774 5.27770769787436]
[8.22637352979508 10.159887328797 6.04120383746655 5.46947838116187]
[9.14586676531598 8.99337217618168 7.69286758368223 5.52122745562938]
[8.20977516348279 7.95881110317866 7.76323822288888 5.89614719148926]
[10.4384592023363 7.21755614131269 9.27141759189069 5.51693469126144]
[9.62531495666546 6.51357921405291 10.8340633788405 7.79265772333564]
[5.90247397244545 8.03316855325387 6.12263377355277 5.77464779634488]
[7.76441280367687 7.45477537541149 9.09662815943355 6.03931105102911]
[11.3663536540071 7.50542328296547 7.91597691857894 5.19405001432066]
[8.87518408492532 6.47828894247793 7.20046936632618 5.64549501213937]
[9.73063265331917 5.93790030232966 7.62841337098807 7.21063302155405]
[5.6239562404746 7.79377631746476 8.57316719407296 7.60023203405474]
[5.88946621727262 9.34487005005515 6.46377623521185 6.84352994504969]
[10.6405622115406 5.90489427389195 7.54492067439062 5.59721638638958]
[8.67609954608545 6.08364119427982 9.56062481516249 5.89628492061903]
[8.41513618839314 6.88251645298002 5.15493210970999 5.09750859522124]
[6.91063300512896 9.05368442885576 6.62911299447379 6.3651933797608]
[5.07053900958017 7.92475619302298 8.32887734830897 7.7230660920277]
[9.87455544460018 6.72542781424103 10.7623829446288 6.4292160349508]
[10.799332563989 6.00750727016449 7.22477279012678 5.30987349963328]
[5.05470488395314 6.27010434807712 9.54621598638306 7.47864154347793]
[7.27058790913658 11.8528255912542 5.36305457528966 5.59399519298282]
[5.20929200747121 5.02742853580989 6.69021099922716 7.35295924094257]
[8.25554823706239 7.11081747095234 9.35798332284223 6.57874726211466]
[6.5070329449275 9.48904168685218 6.94327464136981 6.44710343027193]
[11.9991294689796 8.32673193374124 7.02679736145305 6.0186396811622]
[10.9097498878128 9.90660465685663 6.10485731496158 5.33583772265832]
[11.4347567606361 6.01412975057163 8.21406035400305 5.49168356245009]
[5.05851693865395 6.02221422470367 10.0544506508101 6.49502862792385]
[7.24222879554689 6.723953996069 9.0394408113615 6.51856035130116]
[5.59904121131384 5.51522428165346 9.50965352609273 7.7029897928216]
[10.250340391598 8.77489378043673 7.02209259640727 5.67593514882262]
[7.49982709159647 8.8513652513336 6.02873023979891 6.01211893563134]
[10.0865814854741 9.01010062875605 7.45583339314792 5.20493704878897]
[5.45520321047074 7.01529643748773 7.58510141051037 6.69015415164973]
[10.7378223529962 7.74007537836671 6.10846450634056 6.0577320356647]
[7.80427765103141 9.92647796428424 8.86969816529869 6.04380805729425]
[7.0140548843983 6.49880093017308 7.03174044713087 6.18862430336507]
[9.48714924498503 6.98314714855052 10.3115644726552 6.24856232351493]
[8.89684951218465 10.3092200936975 6.05705370542553 5.06291564551029]
[7.32513710372495 8.69962071167197 9.1068549928606 5.36862850304737]
[5.73760366434642 9.39433485651047 5.69646495629924 6.21204005732353]
[7.00975919313715 8.7486325030228 5.47574421002115 6.02673942617593]
[10.0504282835841 6.86951672694714 8.55263994708595 5.87983293183796]
[10.8623117950983 7.82366981701155 6.92315251764757 5.24736059361479]
[9.738354768492 6.74144756070701 7.74623783592962 6.28079037940749]
[10.9716889985073 6.96661824204794 8.24386029126702 6.13796250804428]
[9.29434140749862 6.68034214971679 5.60993157158558 6.29965704662198]
[6.06443842630719 7.88488327114058 6.97193238015333 7.53458690621639]
[6.45796216801705 6.7259531717276 8.53512770872457 6.93853828163636]
[9.11516611047159 8.54951019867394 7.35806533366023 5.4865387001822]
[5.16149254374324 10.8316844996633 6.66266034399131 7.16015284356566]
[8.73954330035289 9.33586030767214 6.83380840288837 5.88037537070764]
[9.39843231312837 7.89788786483463 7.49081443122473 6.20063883933364]
[10.7953340709092 5.76936147059682 9.61036901166598 6.2443138878609]
[10.6337101377785 5.10592735107498 7.53453311394918 5.9138311135998]
[8.97793078104072 6.48304915976908 8.99588704156391 6.46635439072615]
[11.2208445201437 5.38360151351633 9.26517531200512 5.99272451596641]
[5.67090864502947 6.54534632586884 9.91237644232052 7.45257067925131]
[5.68484828675011 7.29451867288073 7.54118186866804 6.02798315122212]
[10.1477579735427 7.07169583484718 8.6053618318418 5.85026839622675]
[8.73660337935585 7.45174826727842 9.4404811313633 6.36107312529707]
[6.10276034352004 7.24952631386943 8.48389437123599 6.26350639690558]
[7.33681744798755 8.49791428723767 6.62729900604371 7.366777136926]
[11.9993801649107 5.45819293490268 7.52777659619063 5.25706636197256]
[9.98667319549132 5.60795433102233 6.80123117761623 6.20435368417834]
[10.7462700296421 6.19819844239115 6.67760433748064 5.76734194197502]
[8.62859834202344 6.03997172181948 6.68927973465449 5.59343006767568]
[5.79834857142738 11.6490444654005 5.63477029546444 5.90293120549631]
[10.1000924994309 7.70643945654576 7.39621121659582 5.91323263552705]
[7.38258256848876 8.19315100917325 6.81594871049578 5.53447442846617]
[6.98807874608503 7.27060810856675 8.04702560619744 6.31168134611748]
[5.98692552694778 7.48585919800713 9.51835209255819 6.78630090178498]
[5.77329226010119 9.5225271060031 5.9171610364049 5.47568057691785]
[9.50825589138139 5.01599280501139 9.47142824709305 6.26973398239957]
[5.40229267075299 8.85539799240861 5.24012039674704 6.94212651002185]
[9.99283061778837 8.29734684693685 10.5088873915033 5.74310352876251]
[6.38461621727568 10.7800873308503 8.34616325575697 6.04167302961615]
[8.56442431089435 8.07747487813796 8.54489333476162 6.54833657668558]
[5.20527132970467 7.77981747274399 7.93353402591183 6.37056582902656]
[5.73803387889289 7.79745461289931 6.21788012520562 7.26429299487484]
[11.4083843152266 8.12811708719126 5.17579509339691 5.99768173099221]
[8.41761325284809 6.28064200769061 7.42749873922867 6.10256235530122]
[6.73440842285332 9.46485215480053 5.89065871204779 6.04841851164129]
[7.47322626219803 8.61869294167796 8.04184228695417 6.01520641785594]
[11.6504238276034 5.2577033884988 9.35213430766413 6.07227858509746]
[9.46551142651673 8.50441383320077 8.4350076544517 5.56125549456766]
[9.99447042925525 5.73875815822047 7.86245666918795 6.55025530076353]
[6.93397845921793 5.94109714672408 10.4986988357442 6.95927537111766]
[7.78497292394521 5.5592082148142 7.96136617441742 6.49675974248568]
[9.63790242715507 7.01531315484687 6.96245724778094 5.32850697948165]
[10.1795727987217 7.55461930779166 6.42793331990724 5.8071522529435]
[8.47959308845459 9.92559412969562 7.40556263662843 5.65670273110993]
[10.5730504323275 5.26511772289395 6.8832748517525 5.95515812045279]
[10.9196812597626 7.0394330028698 7.89044869014955 5.78706231807376]
[8.61438174178761 10.1266748689296 9.56837263406917 5.59912264085037]
[9.3471437487411 6.06231844467747 7.90029111109954 6.99604442349524]
[10.778255615516 9.78749800247918 5.94198731093034 5.54062555756608]
[5.0868280080939 11.5489544183073 5.76401225541497 6.29279420315275]
[7.58080486689222 11.2819764167557 5.5739157288357 5.52370336544894]
[8.26332878772215 8.43150874931271 7.79627007142727 6.54527563873502]
[9.31053456086101 8.86832399060927 6.66097760603218 6.21289311313014]
[7.47983213179093 7.41436871209483 7.95200266633334 5.90187210718521]
[6.97925769667812 7.54979758730195 7.99014158971888 5.71641801561721]
[10.6022217863582 5.88420410341118 7.06782171605023 5.81072746462781]
[7.95865624589415 10.9698081506188 7.80130870721111 5.11157330271282]
[5.39824706403681 8.65360861542045 7.34115298545936 6.97509317157659]
[6.95848403341651 10.1473516821968 5.65750459634336 6.05508858646936]
[7.88082070759846 6.45295976093312 7.78188855002904 6.71634287991836]
[10.6649622641558 11.2356828830362 5.52486814513815 5.00624219852636]
[6.73079517655694 6.35921158198938 7.32154596708819 7.21025262212186]
[10.52371006305 5.58514530360956 10.7681747253583 6.41982287055342]
[7.4316488422885 6.65500793182368 6.80651797275867 5.75793293204702]
[10.0379043163169 10.9898911404697 5.66602686923464 5.61080662619268]
[7.1551428438351 9.15834138298001 8.18805793275193 6.89372908564296]
[5.12403368933509 7.98337068743666 8.67702695038053 5.98411365334343]
[10.075630276451 10.059822085056 7.5192960815212 5.80553344206304]
[10.3941337102082 10.3979066268261 6.07618330035831 5.26323541576407]
[7.58307598673762 9.54896502493812 6.97059269252583 6.55445069657077]
[7.06568716069236 11.3283469001451 6.85386432305552 6.45966261958388]
[5.68453632194484 9.55198358271689 8.66487127648555 6.52142019091255]
[8.2808692761593 10.7153086942025 5.37554894815137 5.45368196411205]
[7.90486151301093 9.05757149791675 6.95217615006716 5.98500167350142]
[10.3116360203947 7.69994836775245 6.0989658625349 5.72392082184471]
[8.96929266210087 7.66941283259287 6.85313515271 5.89533301841169]
[10.2737227945591 8.0988608485424 8.95302029034675 5.76215922571146]
[10.6605215423889 7.11133228153796 6.33001072060957 5.42688458111449]
[11.0735162140016 5.72706064479117 6.6582773605589 5.89781920904703]
[7.30295204180836 5.98880381036154 8.48292943371156 6.84180572143118]
[10.7384178316362 7.78186167717799 6.42536542659297 5.63853414800664]
[9.59312692736052 8.72932919946771 7.7055690922822 5.07647206036755]
[6.60525866525717 5.95857948559218 7.24836216807805 6.62298228548705]
[6.3212888817765 8.72013450962237 6.51670985939062 5.49086236313615]
[7.30969777779664 9.49877341204172 6.15781560555325 5.95868671754492]
[9.66976754703377 11.9674295322565 5.63176839023662 5.08777750407212]
[11.2222430696067 7.19638974506707 7.90745944003537 6.29525163865483]
[8.06718468792693 7.3454718614443 8.44222810605738 6.80524938243035]
[10.7503875864154 6.70010523410196 10.9678709166941 6.91728252262054]
[8.35532004863705 7.61126083073436 7.69384322087263 6.13210984290474]
[7.60713321473495 6.92463667668859 7.06845055315166 6.1183113831502]
[9.25555286674338 9.05354242520575 7.87746618784733 5.04460173496364]
[7.11788290566763 5.53753581756628 10.3294268675288 7.63525225886706]
[7.67961700084664 6.41154832192005 8.77582805467249 6.3030393691313]
[9.27731361374978 6.11651872691018 8.93698937646972 6.30996921578274]
[6.17684603177243 6.49806148522616 8.30333263130469 7.05143083630729]
[8.69684019681051 8.21743756335364 7.7362739626979 6.82356274956493]
[7.55609509974602 9.55520361925869 6.35908023881118 5.09882777065575]
[8.51696545273746 7.49537555723527 8.64702358391556 6.38864738218527]
[6.61629396462741 6.92649094252987 9.04396884485179 6.75916367826883]
[9.32913038810758 8.12680068010009 8.16703873922103 6.0466007409453]
[8.39477398695374 7.30010655896409 8.23716789962038 6.23250122704916]
[11.9989338933563 5.18514417380651 8.82231192185296 6.01993054829895]
[7.29555324100548 8.28809393023878 7.57631834682487 5.97588942834227]
[5.65800640321419 6.52375713204587 7.70542226864771 6.78246224067139]
[10.7451837636778 9.68544108428018 6.68990078070235 5.77604697049679]
[9.24644862356677 9.4576117807768 8.11188206453547 5.76051564090971]
[5.7944948191302 9.83822039935413 7.25455248593656 5.50235955255612]
[9.2791282469402 6.80743321320242 7.57984411335754 6.24530378111847]
[7.24673138332644 8.14571104767048 7.75617529141784 6.09290608565155]
[5.25424589777234 9.56212551784606 7.60882544256512 6.44499901054264]
[7.61037441659377 8.08217720266056 7.70093047322464 6.54338937104818]
[10.0606301858132 5.71149093124904 7.57330653959938 6.85151334373991]
[6.18705359770478 11.8191945247982 6.08124094626375 5.99701237050903]
[5.93103381886579 5.36451404721892 8.93558376090004 7.31425602150482]
[10.8630425329489 6.80311363297666 7.64230873106921 5.1479047934197]
[10.9935423196984 6.19393231102346 5.2437990185352 5.62593453759984]
[7.9287481977979 8.15019186683645 8.57401119936411 6.9802902479629]
[11.3156097355026 5.78760443875237 9.82176025381121 6.68806894250165]
[9.6658535981326 7.91404252415802 8.11661013139221 6.4664174486383]
[11.0166423577965 6.11651092342086 10.2097939759032 5.67623620550688]
[10.7736791785532 9.28818888877313 7.53562430908403 5.73364863759721]
[7.42581484560617 7.31085824025906 7.53130850135519 6.28606983652973]
[5.76751225594831 7.22850481893029 6.81807092745311 7.07989014444556]
[7.36294757350716 8.2440402483509 7.68020566478323 6.21228902788171]
[11.3355557254203 9.07505953774522 7.78068795214826 5.28443314809341]
[8.43935813349166 7.75192881790447 8.66552223273793 6.65342956040649]
[9.16458648216398 8.06205865896175 7.00254659764659 6.07415686634561]
[5.22740606125473 7.68286724678118 9.44699599222921 6.79868019564296]
[10.9641697870816 7.46270912436869 8.93899790972943 5.30705611208512]
[9.84560434709167 9.11422976957901 5.90807575547199 5.96852518297753]
[9.45445361881637 6.87773623989341 6.98969308749414 6.40910186203746]
[8.22145197427308 6.24744998929972 7.53274417947499 5.97436384195697]
[10.2879152909308 7.4378741127194 9.56609444544985 5.83865936223312]
[7.08799343380064 10.3157273664395 7.16756422400325 5.96752738731931]
[11.0883273327397 7.32733506829579 9.27486383290946 5.53621642007551]
[5.91587883887338 8.79430491633911 5.72671212471002 5.66686741188616]
[9.28951668569 6.63836049422629 7.48808333753505 6.25416251755123]
[11.1045553576653 5.96935673003976 5.66282264191676 6.54335197437443]
[9.30581718819286 5.59432626411309 9.22669870095614 6.65980659437774]
[7.721942410614 8.62602980574087 6.84414833768367 6.34872584780864]
[8.85432714284424 8.21259679044647 6.76511668250921 5.95678747874021]
[9.28274263003983 6.02545569696185 8.20352989178041 5.3553812492452]
[11.5071271819118 7.39973002015392 6.17132092609478 5.47596517418508]
[7.61571410079454 10.761151544989 6.12158595205389 5.28158071955582]
[8.96083040413274 6.68001981373141 6.59272903210657 6.62873744944391]
[7.96201084233424 7.37001169465404 10.800500925196 5.96567936690747]
[9.25587370439431 10.0639437147429 7.09304272143167 6.07245247953719]
[9.78029032326378 11.138011152825 5.61573611531122 5.55589068677647]
[11.0601389480713 8.86335763929462 7.11158187396311 5.30537567740506]
[5.77874318163017 5.50737798120055 7.29333275181588 6.77625917512473]
[6.53580215845066 10.7070082777746 5.86231938344783 5.54171589193092]
[5.05474370131217 7.29960009254392 8.20089541243814 6.92072052150614]
[7.65748327322061 7.24603758683946 6.79298214154861 6.15393108964839]
[9.06067585549293 9.37612598487399 6.64785943781757 5.79464247790347]
[5.6013055440558 10.1143736373867 5.25906323947032 6.9637952321017]
[5.20155438394245 5.79403262553322 7.40228359971732 7.58144165404522]
[9.01368092158383 10.6811765264393 6.43819783213951 6.15556573287175]
[7.4084238381934 7.96901906227668 7.24602083530292 6.32135639554587]
[9.47379151287227 6.20227259789792 6.37823483116662 6.33166041984125]
[9.03965933231778 6.22272874747569 10.544356333135 6.15042332939932]
[9.96781178127384 6.55719224693944 5.57839533317627 5.41545663327598]
[10.9374690168753 9.98998490361739 6.13215328497959 5.22579696875376]
[10.6589252450487 11.7547931513042 7.04948095808254 5.52824945516654]
[9.70388338075682 7.77764785817473 6.24181504461943 5.47683581382842]
[6.7698244748944 7.7951449331694 6.7496678921148 6.51735175647347]
[11.7303359343764 9.41381118899037 5.26830849984121 5.12284506865711]
[10.4242049731739 5.87805799928817 6.6237606903352 5.582214640281]
[9.57363657380037 5.3587836246777 8.25409509556372 6.13044488505895]
[9.99549128702088 7.1855507761821 7.33397757563293 5.40239807326649]
[8.89388598264106 8.50318227121212 5.5078708094315 6.11512392215959]
[9.96243567862814 7.45289528167868 7.78256005343317 6.19141808146118]
[5.75207322979226 7.86183633530142 7.63940975648913 6.91896607076487]
[7.40152545498108 7.88643615670801 7.9163283131298 6.3078166740791]
[10.4860878877554 11.4191401922883 5.35286681188826 5.30448352061909]
[8.3069056256643 7.06168894366317 5.20577146864735 5.68265836391312]
[8.50702792309716 8.70577606667167 5.76014014510923 5.97901236441526]
[9.00340261374971 11.696591701681 6.79258678412917 5.39130167158239]
[8.11042388770156 5.20915295833842 9.89380938530696 6.54159554621919]
[8.83660585888742 7.82007884305133 8.21158424635685 5.47056370256543]
[10.8908965728126 8.18008772271625 6.74225574376257 5.8063321689979]
[11.9749414232225 8.37372108855914 5.41987953107254 5.01434148831644]
[7.86989007064344 10.1288748483218 5.28589656545744 5.79672420363891]
[5.23166396375672 5.52166792948075 8.12043540403109 6.71600274856028]
[11.443181772829 8.78811593628066 6.91962080358185 5.31857939890808]
[5.4327213321469 7.30625101251836 6.2412917963626 6.02334216179732]
[8.13597594943979 8.37455869067022 7.00602524079988 6.7075044479148]
[6.59068764526687 9.68419068288813 6.78948410253532 5.76885282818399]
[6.34896549443118 9.69788425518455 6.70619454496713 5.68138466677371]
[11.2785526500657 5.99953498541204 7.30478629049974 6.1641455980143]
[6.07053633463256 6.88926307817067 9.83575903798927 7.23467539690894]
[5.33805742941444 8.59997032181459 7.62077856550783 6.71126859581526]
[11.3561370914466 5.22543621411812 8.42904558852809 5.2356973496137]
[5.09236649126551 6.08095200618206 6.53227770181919 7.7236095850267]
[9.98149201987783 6.68654349191683 5.42607604669588 6.26766429099898]
[5.97114093512686 7.91670106962201 10.2990039484837 6.73346695339079]
[10.3877449190442 6.66311483506021 5.89444594131927 5.32598954471975]
[10.3629780901195 8.83564274883935 6.95720620208445 6.14031669836407]
[5.62060271129422 6.85478444152405 8.66629901884789 6.26934100841142]
[9.81462147709565 11.4156780506583 5.80217390536468 5.08996032840372]
[10.8397542954127 7.20051087642203 6.80740693789494 5.72559623251715]
[8.26338500465238 6.47401021885686 9.394404363869 6.3378283087935]
[10.9164315352388 8.73159459998649 7.56124516998394 6.08749926020189]
[8.41976237664624 6.11333585494581 6.85956033038511 6.05143011835755]
[6.00069546506705 11.5871812163521 6.16628591355537 5.79879272601454]
[11.7203052917677 7.97986701349576 8.57363043549627 6.05912547367106]
[7.94522638847497 6.05879765472892 7.68131010829314 6.06836658729795]
[9.38337187474629 7.03234491351634 9.5779617503607 6.46738199836978]
[9.45390728094543 7.12711770795586 7.27592994894679 5.77392823491113]
[11.219721828732 8.27796420831845 5.7189798194594 5.43021337260029]
[11.952462209249 5.31047039783121 8.58741655094541 5.38190636826764]
[7.52882840868936 11.1428382691326 6.76652011748227 6.64302277843047]
[6.50719848317163 6.42748491106879 6.30432861949385 6.28378371554295]
[10.0335509697932 10.566045441042 5.98758828946017 5.25705253179209]
[10.0916141659017 6.33008395404252 7.32956625566103 5.94237307672865]
[6.67732328352195 10.4959460590456 5.28697151417236 5.84292441376348]
[6.84819247952817 6.90401742756173 7.91779334254012 6.94275713057729]
[9.90614125109272 8.48115187905736 6.05949616293774 5.97580451656061]
[6.62726385252787 10.6088937818422 6.29159472642598 6.22320683790536]
[5.09613029523612 11.0159193139379 5.79685299762305 6.1563088123928]
[6.18470839877099 8.43428379952207 7.75305875495171 7.00256927131321]
[9.54574317066535 10.6866463062331 7.86247876129927 5.78372176848176]
[6.71020499514382 6.16882310957351 8.85777133963794 6.2586709030035]
[8.67816550958613 7.09653329011823 8.00326909586576 6.42752841561845]
[10.7697694674446 7.91260363952384 6.06760672037696 5.52704742484175]
[8.24974830888599 5.01623467737104 9.00237159261211 6.53933425046445]
[8.91137991931882 7.46478202753779 8.23704560646281 6.82913417800325]
[7.63368039437228 8.91694151347179 5.66621427509719 6.41516946067147]
[10.0925877983326 7.14841933314715 6.34404650549773 5.65729076953157]
[8.13800554079793 7.23069961728448 6.66441451237985 6.16510634008773]
[5.51256969823775 5.11575282812453 8.87612311971567 7.43789410062086]
[9.26834535048428 6.22466268786643 6.4926340376466 6.63153082903123]
[6.39544668650754 11.0349043069961 7.1250854611732 6.32635599563832]
[6.8361909756781 10.6304179602798 7.0747282809108 5.79342807865214]
[11.4129544952299 8.66287142883083 8.02807418295286 5.30924534095999]
[8.16047370633776 7.97578189678008 6.36055861604664 5.74263253810444]
[6.36685859141702 11.5192508704606 5.52223881432965 6.80261854833221]
[8.67384665627841 9.92008235598676 6.89526075554267 5.91109648873083]
[6.88052106640981 8.20967081138776 5.0519233282728 6.97044541382625]
[9.651039679074 9.2978300150565 5.83443765569554 6.99824033942715]
[11.1985479542506 9.45516054805208 5.9643311303243 5.18406337359334]
[9.13632814739996 6.66796176535378 7.06493792446333 5.4291869853819]
[9.17335538662467 5.11366872118577 8.93347671073846 7.14413215320586]
[5.41227847835597 7.0572150649711 5.14236819117533 6.51899646963017]
[10.8631584655463 5.34019220732235 9.44390282796464 6.28415370956629]
[6.05688475821771 7.50618124750957 6.39344178682348 6.03758394292382]
[9.70290537693421 8.70257795969335 7.65224903907592 5.60308715488768]
[9.07709332931692 8.33764145559396 7.25255158345492 6.17059774892853]
[11.4583079670239 10.2562265094697 5.08943865960803 5.30558557199572]
[6.07437133337604 6.73878645110708 8.43914710969064 7.2220489945259]
[7.54356307057607 5.54694904658034 8.83793877738658 7.33551302933394]
[6.44698805860674 7.183327809639 7.1189242726863 7.05187639626059]
[10.6053092308721 5.46897477770391 9.60359662243325 5.89884053646595]
[9.41602307490772 6.67521731592514 5.22865783862865 5.32340063320637]
[10.165032436935 8.17252023938821 6.75985117278754 5.50165848530975]
[6.96707445448065 8.82342044152448 6.2064066742241 6.34583373961082]
[6.17431219433968 6.82570545500966 9.99518663338678 7.30016115900144]
[9.79008353539987 6.8698335068037 5.92903300593561 5.92912631240201]
[7.89503395284263 9.19870211821185 7.06348688363729 6.39089901446923]
[9.32667920038353 7.32450630342203 7.87331362130791 5.28528150289074]
[10.4694274394226 6.25975323918885 8.07311580855247 6.43451050821248]
[11.036518344282 8.73856479055474 8.46735423952408 5.21889025794176]
[6.31380926063462 7.00276313406174 6.10898156173656 6.55898777676091]
[9.86671399320388 8.6383446124627 7.73701818029441 5.49044311302155]
[6.78208683887756 11.5601573085499 5.39091025798895 5.79245827371317]
[5.52037520483772 10.538854662086 5.64534599902688 6.59910285416895]
[6.59693897098752 10.1277011388949 5.92520828494976 5.68190580052695]
[8.74243475414275 10.9102807777395 6.65775089680395 5.43296161521667]
[7.72688674438204 8.92311163605167 5.01218335331876 5.83526419608362]
[5.26162297562133 8.23420599444065 8.63465491576334 6.41388741173296]
[5.91102709447206 6.90643665586958 7.95180440883491 7.11571555503148]
[8.73616941920353 11.1621234025954 5.26023037391715 5.07882117007521]
[11.6308617319838 7.21901278178531 5.99059359590239 5.14160660002376]
[8.6512519055592 7.72702929041022 7.64405314621228 5.92157489656983]
[5.31862877846152 7.96787503777243 5.84201369051193 6.36734652130158]
[9.06417311238516 6.19762559104712 8.70318477713245 5.92557979928537]
[8.27300662596082 8.92608626151757 6.96995327613177 6.23509274058708]
[7.75654883552559 10.7113448220647 7.01116650227621 5.73205889293223]
[6.70209259359933 7.52520254045997 8.58934273911813 6.37680308009888]
[9.01209926160151 6.97506272156145 8.47576342484635 6.04339467301129]
[9.59927441240971 7.91392228799057 7.9040422153915 5.75601001603234]
[9.58065857112579 7.62858164421158 5.62493640620333 6.20686707281467]
[9.13313158578937 7.23340352666538 7.7107767634832 6.42398407420489]
[5.56669005249744 8.91300238993183 5.5549550270105 6.68815444934583]
[9.16615605350112 11.9505778826612 7.06006241846267 5.26612740137506]
[7.70166575549367 11.9107035837085 6.33196659081145 6.07355824969755]
[7.27933196551964 9.88745630427995 8.39817797778047 6.49199086632111]
[8.01518448430233 9.91110944351366 7.04185647202765 6.25235268575067]
[9.53719873330739 8.39419096934776 6.06123736526552 6.11333637511765]
[5.25859674533426 7.31230346551135 5.25234645865663 6.73441953135602]
[5.32524418240039 9.0266111524559 9.76163070585375 7.11121425393321]
[8.3832044675473 5.76707366161015 9.44671136052273 6.74384018883586]
[5.82977853568351 7.26131198536342 10.9515841077306 6.76980881336944]
[5.89948671071051 6.23621682494483 9.35504486198831 7.1500778501933]
[9.87682967429167 6.33236964491772 7.88287592582242 5.84320797675297]
[11.162752611671 7.16494467109637 8.62492727337509 5.63942570860226]
[8.87175223850896 8.89812008975539 7.17694678264102 6.08117266181037]
[10.1525958889247 7.56478159556466 7.32671610807226 5.86356692099632]
[6.16996929537979 9.08950174655 7.96799177939245 7.77246415979546]
[8.59991342639204 6.27548514187516 7.45670988230547 5.95909974293039]
[10.7797202385269 7.03140164882901 8.59906345984848 6.60257960433392]
[8.75612772942145 10.0500419284845 5.79053808260719 5.99756693837869]
[8.50935308748561 10.9791283404316 5.84910667233212 5.36867490968125]
[8.88481837324956 11.779920660728 7.0611380004799 5.62386977782974]
[9.35764201514969 9.32318007610459 5.46233507635351 5.66604089732468]
[8.62250909067846 11.4041351154993 5.46219829197248 5.90263660047382]
[11.1253764663862 9.67403684645658 5.12888950660736 5.19243836869423]
[10.9460789927636 6.38449798853574 7.10421368312727 5.38195795210755]
[11.1274978055888 7.23757332340595 6.36815399816598 5.44985647760419]
[5.68030766563772 10.4642951228838 5.61621639821042 5.8824533164649]
[7.47520373023241 10.5491662501389 5.89992492010745 6.51044721479887]
[7.50517222380868 8.457470187063 7.81676076923094 6.85157523777313]
[9.94371964837954 9.87392732944581 5.57535246381904 5.65216631764869]
[7.62614238257423 5.56883616382938 7.65611729350583 5.99175197718459]
[11.3314145250706 7.5075430116043 7.25707251982142 5.82033786902352]
[10.2086988658753 8.84209291978547 7.06681740927203 5.43199976462306]
[6.28527380611259 11.0663605288112 5.05792948722949 6.22272127823077]
[5.83668457704338 8.09483055648071 7.18198849895662 6.91636763040722]
[7.61921648060359 6.60853127119223 9.87599566364274 5.93444808576995]
[8.748185819851 7.35519155089631 5.74000586262188 6.21845366650028]
[8.88204705026035 10.1643511107564 7.8955012280016 6.34372666355295]
[6.12713094663639 8.75866354992594 5.47213674435019 6.34098017962953]
[5.09956422663696 6.69333048437652 8.76164816837028 7.69803969616447]
[10.4787509206649 7.65520345151877 8.23384081800213 5.18797721717744]
[5.73402159289839 6.03117919431761 9.0201722477856 6.54834413300593]
[6.64949050257392 7.94205904837837 8.96618310790266 7.26700212388638]
[8.74475686054158 9.68015676186759 6.40397606608595 6.1548740654248]
[7.67440731739514 7.95982804693619 7.60048226191244 6.51339532451569]
[8.74845898042623 8.559384497205 6.01357969776972 5.64483783229546]
[5.95743530923257 7.68372161174943 7.73625708572468 6.60943801663878]
[5.30937966177169 7.12722912913714 8.98960210896749 7.17644442888753]
[10.3446436993734 8.66170185168544 8.42546312057231 6.26677374431497]
[11.2501561280916 6.63936269245407 7.24521559817009 5.83259779853411]
[6.5028962832683 6.67301768370442 5.59051457688381 6.57647696338438]
[6.8063004677465 9.89479045615111 6.86944591578705 5.28728625359594]
[8.23636561936509 7.63872704269369 7.09914051193735 6.45299109736094]
[6.14982076160813 8.28775202216678 7.16870230403423 6.91225284155549]
[7.43328947895931 9.33279433757531 8.41406546181 6.22996406639807]
[9.22645761558619 7.70827367421669 5.90978394836216 6.05460983331256]
[9.60047351113361 7.22569146845959 5.66460784820975 5.8189247060483]
[5.55303213857431 7.24708431283995 5.49534725766061 6.41467604592238]
[6.45903287428403 9.27550290001127 9.30341857297018 5.67392525277469]
[11.2662995796123 7.30083696691411 8.4096839319534 6.22067452308683]
[9.69857604815624 7.80736475532924 9.38702798304361 5.65239279023514]
[5.42377648948247 8.09124384572922 8.64447625824147 6.52356574974306]
[7.37547406058167 7.37256059548479 5.76431259986387 6.17000302994855]
[11.6114814635316 8.40743162023817 6.97571196476468 5.47606139305634]
[9.61336903415015 6.46665464348998 5.92913508720378 6.62759252858373]
[9.8520411794781 8.25836166516767 6.65990868006996 5.74106260186643]
[8.76721905199698 7.36667250942964 7.25688910332917 6.52318876518684]
[11.3746955565039 5.85078191856913 8.13763078710591 5.80455976843243]
[8.20245922056691 6.37403826214084 11.2547818104427 6.5139772224126]
[5.99553152577665 9.4321049069838 5.1792155525963 6.34083691985365]
[7.33704075208148 6.70089584758193 9.6400072246431 6.76584151032168]
[10.3758116737744 5.10140271902892 11.0545720198469 6.39191059793556]
[8.6818798566432 10.4627233724431 6.3975449674935 5.47127867680107]
[7.3006483384612 9.2428414372337 7.76491523518052 5.71755774728957]
[9.33811574885854 8.49533686402714 6.05683062679247 6.07403651092685]
[8.19189951782591 6.50684286756529 8.0212608720342 6.82434879775006]
[9.66047462670649 7.4885841458189 6.52353767028186 6.83813149332367]
[9.35711510733051 11.4494371667892 5.7650556793262 5.57477972354588]
[10.7745452328714 8.88533480833634 9.189912433253 6.25185184398057]
[8.4982617839526 8.72354723925286 6.09269095643086 6.28600763736274]
[10.4088190113948 6.37121931630901 8.03942604220291 5.63814704798286]
[10.3320984009675 5.24341243176421 6.93350759124992 5.60183110361687]
[5.30141312710561 6.20473927537363 8.55140904221346 7.32008421978226]
[10.5474345428176 6.21441085851465 7.3887465534715 6.45248672072433]
[7.12546437838383 6.095220458404 6.61894840504288 7.24745557544798]
[7.8695809422398 6.18147056505296 6.60565030281929 6.32614400614028]
[6.90573592372253 5.77617644715207 6.46745783588555 6.91749297472187]
[10.7713555334904 5.18926106128426 8.27041240866089 6.34831980281177]
[11.614912516795 9.49503421094537 6.06060809169946 5.87444734397967]
[7.07420473693019 7.99607253574245 6.16312038183648 6.32655081985093]
[10.0520478631007 5.23723202084686 8.10497816787187 5.55159063112953]
[7.94751685095997 11.7858447014155 6.62860452357451 5.77525296789474]
[10.9735466465126 8.72455589826588 6.14957131332435 6.05048433521941]
[7.4470019071131 10.4966081390656 5.34601862356645 5.5151356677678]
[5.14071064929732 7.94367308002056 8.86233314612686 6.68936463738443]
[9.84535316364863 7.72787293643244 8.32392411512166 6.21160125558432]
[5.96466417277205 11.0888433595105 5.76805026800238 6.29085626506328]
[8.08093296606468 10.1327057550674 5.67571057617056 5.51265616004679]
[9.3692791700848 7.4699485324421 7.63935092818619 5.82775072995023]
[6.70486830636863 7.91954933517751 8.10767804984734 6.1004780377214]
[7.57953515071522 10.4808847977777 7.57468862772223 7.17536892868895]
[8.84930746089639 9.77016479157179 6.23828363567553 6.03677673604186]
[7.07664708605784 7.01260805841129 7.0590647741953 6.38473357860615]
[10.0156342066633 7.37285150526196 7.86111654595391 5.85470264901722]
[9.43260778215748 7.46390820030554 6.52582563433846 6.03336354370322]
[8.17065749308805 5.30325526452555 8.65589721389488 5.95492067006748]
[6.13298328235572 9.79835945861413 7.1691475589753 5.55381192335536]
[7.21568023944748 9.19723112795986 7.04212213627855 6.62485971307483]
[9.49588989457243 9.54807953112807 5.14162342005173 5.58840342685913]
[8.4459595686591 6.75175610414731 8.40369816705551 5.52127865479012]
[9.66246478056198 8.39386987507774 7.37918842767404 5.91419553639558]
[10.7567637756602 9.04757237758936 5.83020534541483 5.54699884464127]
[8.22378091888155 11.0248534338275 6.73202681375863 5.52579456365578]
[10.5616486886499 6.30848409368433 11.2942800286383 5.91011234153768]
[8.50514080458857 10.3532313417017 6.93711667296714 6.64867431849677]
[8.6241903317903 9.77711001117835 8.17256740232573 5.90229124599771]
[9.18811881322648 6.32452521783092 9.57146308764755 6.68270445947033]
[9.21054447116867 7.54482513865586 7.44968089832714 6.42426792501191]
[6.01736736814225 7.86007791305648 7.74882625412002 7.25096724629097]
[9.93827393935016 6.70004645371739 7.21289084770919 6.14581230991574]
[5.231843981083 8.35285433881349 7.86336016397565 7.8296908461493]
[6.19578531735446 9.28016363507326 5.55142537914075 6.36195006926537]
[7.20188694328743 6.98543774784478 8.35685647474572 7.0299941410426]
[7.64640616332579 10.5035912973789 6.02529416127267 6.30833121260408]
[8.78335252576231 7.76355371081855 6.80136865143284 6.27752103946266]
[7.6815973783353 5.36404906008441 7.66538917235463 6.85240727730646]
[6.59378978597908 8.17491414744033 6.17348636945827 7.50628712871571]
[5.2017084938706 7.41042131000697 8.10752090271572 6.31072301404189]
[10.7489909982515 6.78071959166839 7.5064116782823 6.20293485870644]
[8.48741397336295 9.76061619295143 7.81945509304928 7.00763910255499]
[5.27790839860399 9.68898176544717 6.92728659578228 6.84316441762545]
[5.66672675906696 6.1854769581354 9.26503698509608 7.48173176435817]
[7.98855303210202 8.96365885722394 7.48037435179607 6.42010720321388]
[8.72456456563294 6.49564515760022 7.00390485526498 7.07116936475917]
[5.08650926547315 7.94837620040166 6.4094956524547 6.98132731282999]
[8.40565077349979 8.10493671762882 7.30323504319643 6.97500807007431]
[10.9238915732097 5.78756030797106 9.26016945431672 5.98683303828479]
[10.0365285411348 9.59222337640472 5.46518507828561 6.64850291398181]
[9.65601055528334 10.1749029506608 8.37689450930093 5.90173528386283]
[5.8979183485859 8.3432393292008 6.95508287058564 6.53273211105661]
[7.93024338354874 5.72314810597647 8.48002612617677 6.60179384121473]
[10.8065590690206 5.81778422574715 8.19179028723099 5.22217008814676]
[9.07259815997137 7.73703553979197 6.77801893885875 5.80911927926923]
[7.51234032978473 7.6196994596415 7.39481771573599 6.63507838719165]
[5.81933344878222 5.64024776765988 7.3793264543713 6.3590292715897]
[11.0587240218193 7.74389597764741 7.22932798698446 5.21673383578996]
[9.66602148545841 9.67805351009804 6.86779682708628 5.91092404085565]
[6.87379604859297 7.51307500833728 8.38449296001195 6.0381297960875]
[5.36840052117059 5.68181525618566 9.43705769219242 7.56682504113766]
[7.84458468698695 5.5630093045295 8.21375125202684 6.79460390532404]
[6.29884542995068 5.7189519651804 8.46974786175399 7.66082727616292]
[11.6179446157655 7.92323179329797 6.72180411337406 5.43996730772656]
[9.03820794197044 8.52377364644227 7.46893512351477 6.26257015510883]
[5.15465704645771 6.89024850833221 7.62863730024316 6.59945550885077]
[6.59825784090779 5.82345834501669 7.70235545315662 5.49464175466705]
[6.66209578754651 5.30321099549042 9.67221510474703 7.37398599693688]
[9.34980835433816 6.31280377087803 7.63924066026446 6.74717266330886]
[9.84436399596399 10.5159332911374 5.50547137880692 6.08014733438518]
[8.54293065991975 10.0200209473278 6.92332854275952 5.68416957134292]
[7.66779535678805 6.08129055790627 8.85774816924121 6.83194822049382]
[8.07557302362723 6.25093830029812 6.80620071465388 6.21125933006169]
[7.65649477297859 11.7545442342813 6.87791630325825 6.0990704423841]
[8.48909678881371 6.6630783860381 5.61286625371152 6.25964364256298]
[6.92074725761374 11.4030638465317 5.68046241836312 5.99222923698311]
[5.97019446475042 11.9373957132374 6.09372986614516 5.62357937732028]
[10.4282081276807 7.48037291159241 7.84403173850568 5.99296728825505]
[9.37556842537728 6.35919817650578 9.25936804692895 6.83523257153224]
[9.76994398090001 6.8170331279685 6.04163985431627 5.94877007240572]
[5.32525463402429 11.7667552015947 5.87739468324495 5.82369521987779]
[10.2843506755496 9.70535373764 8.12772939617355 5.52687152368015]
[6.98357530368947 6.81850915916826 8.41482653681601 7.29852718599727]
[8.57167021258796 5.99777129770018 8.06425098344443 6.60136902952352]
[5.17630781405073 11.8434830852029 6.73987994175956 6.71546576553972]
[8.36014814548984 6.16279756039904 6.30929856281582 6.14057320931257]
[5.65641664346771 11.5809126373385 6.51036366683297 5.53019109219349]
[9.58947785085176 10.3534766973248 5.74688459709558 5.63010145389414]
[6.06201628788577 8.73983254591446 7.57849058718454 6.92458523973808]
[11.1916648118975 6.13043488692067 10.2589044592969 6.15704076132008]
[6.10102362041701 8.92740182198127 5.93213360786974 5.88401603020428]
[6.55652005028719 10.9768661172415 5.78577549364667 6.25100967729041]
[10.216096441672 6.83742127259219 9.06862507030643 6.63270679128863]
[8.54916983075935 10.0878317609345 5.78557259732977 5.5786147588902]
[7.94022327863471 10.2962256466805 5.3355869532667 5.50032867632783]
[5.89062445858217 8.97360182154317 5.33369772042088 5.94752061570441]
[9.08448890919193 7.75260037938119 6.1864133429155 6.23703909049192]
[5.40194515937109 6.75679615612377 8.21123579128303 7.08053493310307]
[6.41133088425592 5.91209786077656 9.6094484278237 7.35023323677672]
[8.41453135433838 10.6395402864003 7.26310063828336 5.78476583546543]
[7.61233340869871 10.8108069444873 6.18348280212481 5.95303597679479]
[11.1487665850076 6.81563467480617 6.76212102581571 5.31740530700347]
[5.73960885308399 9.32890769990485 5.03232497922595 5.7661050437417]
[9.55185307686874 7.54187768241179 6.39523818836955 6.28500173539746]
[9.1306198922509 7.86538733434511 7.7462571016486 6.39841978374128]
[10.8795476846683 11.973794162037 6.16781936508049 5.16429312060012]
[5.89960962145127 11.0879332191249 6.2295027156771 5.70642050911235]
[11.927600783823 6.34958473011187 7.04087628331073 5.74109307349613]
[10.5007937714631 7.50105059908538 6.35479030239804 5.82313651807514]
[8.72394404475067 9.78792107409024 7.91534508020946 6.05148756678361]
[7.73139238454031 7.99950348709328 5.69240841136603 6.35598733738059]
[8.93477955575098 9.60080837259547 5.92354697162835 5.611660002734]
[11.1094449532795 8.01086590076132 7.78607849559288 6.49291517324338]
[11.9659843679945 6.83785058621703 5.89781660123352 5.86315238426847]
[6.61172078464157 8.07692235229533 7.53000610967207 6.66815959958245]
[8.0658780645726 6.61195389375511 6.2234454676178 6.61114789516142]
[11.7371537284751 8.35837889576366 8.20727574194953 5.37122392111818]
[9.73117618729808 9.78662957827 6.61271591876717 5.2349421984353]
[8.24295176244294 8.36673048525774 8.7835232563969 5.59607296515658]
[9.46427198949182 10.6364275411585 7.65336893798355 5.32996090193154]
[7.87289328163068 9.95426803595467 5.97519839041323 5.87867148923948]
[7.34724421676103 10.8077425494134 6.78264488863306 6.71427787853291]
[8.19251121373564 11.424083965622 5.49406251778274 5.89719067279693]
[7.15202558619579 8.5794207190664 6.11467276920281 6.18841806294723]
[10.116957151243 6.56911217541356 6.97115028776224 6.64906056796697]
[8.25013659482835 7.06750248082351 8.43633675308693 6.92413869231184]
[5.11013879034822 6.90038796158289 9.23087046419785 7.24076204196189]
[7.61246499331913 8.45495495566041 6.98533647646636 6.37897994600546]
[8.53582715055103 8.11368497922881 7.95839419083463 6.17742427641983]
[9.55185554999348 8.35932905029733 5.89031005631169 6.10090495352733]
[6.39551320092646 8.30180417831513 8.60961253449191 6.34351081851905]
[9.34530377902716 9.83188700616178 7.00108750235242 5.86393033981914]
[8.59498532694374 7.74648427607998 6.23262319010589 6.36985768400843]
[7.13188571681952 9.81923990781913 5.78506801523174 5.9095105344437]
[7.77542039234688 8.49849055432049 6.1032560728092 6.11922783191259]
[9.57352917352613 5.78885946862172 8.20839672377282 5.62779797735578]
[8.99702179057127 5.76171641557531 10.3791534352021 6.88428644223886]
[6.21414146223937 9.28649227288982 7.60745005799975 5.78958322722054]
[9.16631174469541 9.88750618326091 7.66105315636583 5.71052832071766]
[9.53433268423278 7.16861246277866 6.74900458211508 5.91439820394961]
[7.46847963296565 6.88770117235457 6.06521455788358 6.00282755917859]
[6.30564760006635 9.93179155171381 5.21550941075651 6.07002301441842]
[6.22817159311553 6.83176287736055 8.40175092676927 6.8397534797285]
[5.32167077656842 7.13516137960712 6.29185928348688 6.4755130627569]
[7.23732091912568 10.0326263595136 6.3738901014553 5.27560709672405]
[7.6388806831374 6.2321471868084 8.29510308328695 6.44029909861471]
[8.28372011821006 10.0904299779754 6.82413885944336 5.29654367420171]
[9.80615334662843 5.29436889838879 7.40966996647017 6.0476129707054]
[10.5101284918541 5.45538264700492 9.45863732108115 5.95957384225509]
[10.2157524501095 9.41423982108326 6.91690906321285 5.83391546025591]
[8.86271664848489 5.39649104998479 9.50223529850718 6.95635570779954]
[8.29678041930915 5.45484208457417 9.02643856877264 6.55386847905616]
[10.0006458454284 7.0738988135697 8.80360919026649 6.57848199854606]
[10.7290425399153 8.56019907450641 6.64249045158393 5.71747464387722]
[5.14809555918259 7.36051195430835 10.5954424992715 7.28128899889683]
[9.39705863117862 6.22515326544111 7.38909199557298 6.24559305103335]
[10.1376723486063 6.34214627806585 7.29107718935928 6.27069175156097]
[8.6091286799836 8.88152714880713 6.14099745041108 5.50668712467398]
[8.29789130525895 9.50627204542416 7.90784300972419 5.97821641200289]
[6.04677057609671 8.61773542209141 8.42776177532546 7.02045818358077]
[5.54148340742152 10.3892380289479 7.31853706602075 6.22912455318833]
[9.86264043870178 7.82525454697072 6.80313183902184 6.3039204338013]
[9.24864874379671 9.32199051211698 5.79499716777028 5.66447793953878]
[6.15384295182155 6.97226270021253 8.29026159020536 6.09110510609679]
[9.25766611119211 8.13027901859261 5.4077846606738 5.64139587202891]
[9.57209518263103 5.52810369214054 7.61101476531428 6.62341525347803]
[6.64517867635021 5.01163052126665 8.16217479238985 6.43863815772984]
[6.11526272858988 6.01973838855217 8.6996966242473 6.9437277189589]
[7.9934501200066 11.7097122594377 7.25465208923957 6.65152647463926]
[7.32711310897868 11.0644361846301 6.40602024705304 6.16923093043832]
[5.42030925347238 9.15810526315117 7.64453734151605 7.29163743003951]
[5.27662306571659 9.66568337920248 8.72068860061552 6.53738680874892]
[7.5541688412843 9.29035971584383 5.09500542950827 5.94446439201286]
[10.9139190428654 8.04906674868155 6.14332131908225 5.77089446946565]
[8.62023342714305 7.79420663090704 5.98563253366421 5.88280375740971]
[6.48439693114628 5.87704275177751 9.10160891597794 7.12074566223091]
[5.10710306042683 9.18049794580509 6.8550666360548 6.94829712156495]
[11.6315329991573 7.67616213359776 8.57180630806993 6.35827118889685]
[5.71391834924825 5.55271318883482 8.00953243805329 8.00879563553285]
[8.36111061692734 7.92892036822734 5.88005930068852 6.16666478491745]
[9.77786184918868 9.24078389713583 6.46651526891784 6.19444522106949]
[10.3051286197406 5.59142722262733 9.28120583784316 5.7020899789862]
[10.3122290886469 7.08433779583979 7.53201287157343 5.56584450234255]
[7.45756151724928 7.83649586352153 5.21043792961627 6.1861167869444]
[7.78859462671303 5.19027241984776 7.8162803757041 6.68415805643914]
[8.66989151621854 5.66558277824214 7.74550533027117 5.3578848434444]
[5.40867684750241 7.66035884545142 7.38025954695443 7.26125200730842]
[10.1615986730498 6.14824143139848 7.63236515179624 5.24796343950492]
[8.87925853888056 9.97466051613174 7.24056984862826 5.86957896402783]
[9.74228329562364 8.70199698221057 6.39814214270231 6.59504613634568]
[11.4175279124151 5.14525795571694 8.14905314762269 5.96142212252968]
[11.4130651275228 7.64913698505571 9.64233798837187 5.64634752512667]
[8.89982337440768 6.91879994824885 7.65622800010282 5.83219683215511]
[6.88289853095165 7.86529593801135 8.32481236425114 7.26987835538938]
[8.24950855924208 9.56400623782331 8.23166241232641 6.26149902833638]
[8.00370561923889 6.24498755240534 6.06794177683244 6.36474586951288]
[6.86835499226531 8.91671227415042 6.375351612026 6.28312661893446]
[7.87005571695536 10.801459136301 6.82818082877545 5.7278080726103]
[9.30360538837049 7.34148676896218 7.65674781266459 5.44157616528144]
[11.5230550825438 11.5192236086293 5.90312900438429 5.09884886620133]
[11.6351696709159 9.99058971958153 7.88771488169942 5.63475084922676]
[9.01235946579787 9.90643777708687 5.30210709397318 6.18904541668938]
[5.21746770493598 8.42307328502646 9.33186037371401 7.01299959114164]
[9.99198139158136 8.40641013345901 5.80982816774517 6.11491072139278]
[9.44245344048566 9.79341542459213 6.9934067481054 5.29955436742715]
[5.07825080414696 7.34521788662494 10.0812286299966 7.8460640797028]
[7.84449669499212 7.97261878873031 8.42429349098461 5.48325066965563]
[9.00780665154396 6.59375533883192 8.77715537701109 5.77906165745361]
[7.26245806624585 10.6982372334769 8.25182440627548 6.68184500435108]
[9.16193334839524 9.0163099670115 5.11355772641386 6.32405038196447]
[8.27802764320062 6.18081295732597 10.6770095806526 6.96879419798158]
[11.1870230340449 8.91351034880475 6.00614345556961 5.579050275703]
[6.25136725081651 11.685221345533 5.23276509385388 6.27814385721708]
[8.58017243041274 9.20125378460076 8.00161117647539 5.87959873416531]
[5.04897469155521 8.75820976742978 9.64871755435535 6.43711978897588]
[6.4468061288176 7.18114418298086 7.60139329973082 6.92602654601511]
[8.97673626225297 5.82827337387234 7.22379203363862 6.22717721636537]
[7.0637292544644 7.52008839012845 8.37216938837656 5.06319100986579]
[5.04238679880645 7.42320595385998 8.96308557112793 8.04109220696427]
[7.91644557150846 7.86916498348396 5.21008210126771 6.15236682743715]
[6.26638474129285 6.63787655096165 7.92956105817124 6.81358425223159]
[10.3930111675156 9.51922948723003 7.13259328287286 5.67709440241772]
[5.48700608715867 9.705342789135 6.40585532947994 6.36440939693589]
[7.66097797351967 10.611397953402 6.30852183416755 5.69824947910156]
[10.645364826959 5.90102453775598 8.82157678361302 6.31892761192309]
[8.7858767297683 7.19715761090404 6.90198223196998 6.65359153671911]
[10.5164942988365 6.60931146774081 7.39692622501132 5.7078103787626]
[5.55767934293836 9.31758190864884 8.35392727649728 6.69691108244588]
[8.38126802191894 8.91459238803067 6.81856194444878 6.12488496908363]
[9.70213047729483 10.6855203403094 5.8843890331727 5.20402426532622]
[7.55918145495164 10.7236913491843 8.60301630452518 6.11409313631468]
[6.85061239426819 8.65661233295604 8.82087516936903 6.78264486305558]
[6.36336781535991 5.72987487761073 6.01173905462144 6.68700394577712]
[10.5339742173722 5.35797738531733 9.86073050656313 6.16557362936088]
[11.7146900489466 9.47857105431114 6.64992511553652 5.11752243272856]
[8.65496898097425 6.31640077555374 5.97204416455369 6.25944071124697]
[7.28327211810033 11.1853373874038 8.10620726154376 6.34790435843298]
[9.91373690330668 7.1463409546067 9.51613073403012 5.71136610348443]
[9.99120937811659 9.05441412378118 6.75893862936677 5.21827664244107]
[10.5470096570263 10.0205862877665 5.81533428239696 5.33595671991387]
[11.2122359394824 6.14886831075995 8.03745300670813 5.68411511902988]
[9.78520815295361 9.38394119660313 7.32737791427545 5.82779091223639]
[10.4481975611905 8.39761876668654 7.89504274871743 5.20401059124258]
[8.71456644627171 7.10259237321884 6.21293023517351 6.27384919650707]
[9.16919720284962 9.08343884526862 6.98468577186926 5.88593535433679]
[9.61496275381518 9.75848209396365 7.40828199998198 5.02416273604075]
[10.7291074209117 5.21674118136072 8.84594292299498 5.91840176742803]
[7.9226859603321 7.37415170628813 6.30516244045376 6.76989559038362]
[9.2585043663401 6.18558762878676 7.09096012792146 5.90265770306241]
[9.37757613981398 7.30395894374891 7.86577714852843 6.36145916442184]
[8.45830334073852 9.46621690132331 5.91768803663799 6.3701095496136]
[6.79907713918226 8.5059050580254 6.83188129298888 5.57098543629764]
[5.21552148613263 7.63984299519332 5.15407986540962 6.53144478994993]
[6.34347984617765 8.03566994864395 5.83480940941078 6.3482344265103]
[5.68739887817208 6.87644273615463 8.58415964945512 6.31126522887238]
[9.00932669356539 8.72310384817068 6.91636186118642 5.02447175153396]
[5.86259156061317 9.56708646087079 6.09829646540482 6.74081797946957]
[8.14343363429689 7.84587069804377 9.2758858555348 6.2807167005206]
[7.12262006778047 6.85708528109318 5.7967340524231 5.85185672687092]
[8.80331558870563 7.75054901629154 7.48521311489456 7.23260397049286]
[5.82803081389801 5.87444327237126 6.95397899394822 7.96225631931943]
[6.33935730298566 10.9270381091327 7.1767251864445 6.2868912359999]
[9.26348894254412 10.2155113522774 6.28875892671332 5.28410095373622]
[7.10806150089235 9.49953841698715 5.13750228441758 6.28811840373761]
[9.06321156845632 10.1065327156778 6.39232735038751 6.07409768589217]
[8.7889825179901 11.9398414353087 6.58837632072178 5.31798466057827]
[7.22950868953275 6.40426344567241 7.47978470886841 6.19630639041478]
[6.74237264500046 5.40979565736022 6.87637951101379 6.37188709905718]
[8.73098555843473 7.02653570781381 6.70405833069259 6.1402424210542]
[7.34173462725434 5.8681149663014 6.29317888881328 5.88043707791088]
[7.63774965074268 7.98057509301622 7.50029215208651 5.86581535310799]
[10.8671231095898 7.82393079576239 6.81632623184155 5.70786109258789]
[10.7180621022485 7.59031943365261 6.70617567771744 5.4536289274574]
[9.99637175066443 5.72616444431614 7.86869596085001 5.89172583191398]
[10.7382103574577 10.9479482753128 5.41904677539552 5.40697829978964]
[11.2947883616668 6.35207201900555 7.79051691085034 5.46902628351172]
[7.73646700386681 8.70294233664818 7.93902930944495 6.26470210538287]
[9.45961341598809 11.253796220896 5.1649058959267 6.22464443194878]
[7.67910302877739 8.74739484080053 8.36459055684369 5.88064739539096]
[10.604244935031 7.30895077208242 7.44743853179663 5.57421890369956]
[9.22505268537257 6.37048704490805 7.66377635326729 5.68893070081269]
[7.36937088916401 8.54344409513126 10.0605285757809 6.38658415706499]
[8.21781249002596 6.332607094736 9.87103443231013 6.85186592692322]
[5.35318895595858 9.15586704478525 7.99226652683319 6.6674843062949]
[9.80028984477406 7.81799674323795 7.34326428840735 5.81046062238606]
[10.0073353925891 5.60274072325012 8.18368178102807 6.14923073827615]
[5.46754860483348 9.21913002706889 7.42473629935376 6.52312181018431]
[7.1930288207503 8.10844320612568 9.29542889793391 6.36300613136473]
[8.90484224744777 8.9516602197858 6.1406709599429 5.76454597261494]
[9.51809178562477 6.62423902864797 9.67222710057677 6.17359404667346]
[6.26006752148651 8.88938653295953 7.87071290124944 6.2279568569833]
[8.80237365089975 7.96696233813359 7.9885226037186 5.67439237505324]
[7.48681147942473 6.30321382344515 11.1079276642977 6.61600575892799]
[8.10625805797018 8.26170773585932 6.08123948606272 6.21797192536595]
[5.87970057321543 10.709028623015 5.3951939071633 5.67313665498298]
[8.91844052758213 11.892393451741 6.16051475068202 6.01405724782866]
[11.2830559342588 9.83190338997833 5.22394693765681 5.4505956136421]
[8.34928524329342 6.75969042151603 8.88501315259561 6.82145126157893]
[9.17338967620028 5.38126640176667 10.0314883336121 5.85696800000781]
[11.8883761093479 7.20280043395491 7.38784362792062 5.19007715740823]
[8.81670797425328 9.18251597232687 6.76154724887671 6.22073784190636]
[5.74424712094959 10.1881865332706 6.84483159997954 6.41931731277853]
[8.95484256938314 5.19564684427402 8.02844030858364 6.76570397274781]
[10.5136983961108 8.1357593252188 7.49885791166607 5.64105685191865]
[7.52742388500968 8.44112117974897 6.1961487648703 6.41276309499029]
[6.95064906409701 7.76441241782028 8.05263287795078 6.00578360687749]
[8.91654743708756 7.44506713482528 7.10545612214859 7.05713836147746]
[7.4670620294245 5.4093591161048 8.81554321772367 7.24567060734049]
[5.16751357665666 9.86916071972463 8.22565078985534 6.54445586321054]
[9.402491685132 11.4853354467534 5.60066413947704 5.91274628325448]
[9.22177296905932 10.5313320315226 6.0235780955991 6.11643860808432]
[10.8895590523891 6.53834397803763 6.96375615398458 6.65940194044233]
[9.59951304611994 7.47679999593038 8.90654416336566 6.34931656209301]
[10.1578773047443 8.83356712062211 6.09600811270794 5.69956243464474]
[8.18001145591348 5.30320444934234 8.09254780985753 6.57676141277428]
[7.71673556968159 6.0661008973771 9.59470520370068 7.43562537129801]
[9.82082087827201 9.72455273231674 6.77938857287091 5.491037249078]
[7.94110775339976 5.73896219936888 11.664931828945 5.87286390947601]
[11.1043897540954 8.19299566918298 8.77912784821437 6.08233828588842]
[9.66599643218107 5.35005655176496 10.4116383528232 6.5774393218606]
[9.8628136210844 6.72004576841599 8.2357591271376 6.17650494814013]
[9.6183153663138 7.73170098908427 5.70155582706215 5.63139702843484]
[6.28383032273797 9.92142808202896 5.49379110815838 6.20611848489932]
[10.7263837003071 7.2262458591688 6.97733583560256 5.53817976524691]
[8.71428326344155 7.339915751936 6.57578477495828 6.34773549386799]
[6.73384217253329 8.70272281529029 9.53500453051022 6.27791646707306]
[8.51034137132457 8.84387368980537 5.60367969905723 6.22775513343391]
[9.32744635914773 8.65026118155376 9.41912287171138 6.46144739664471]
[7.24192290450961 5.17483568964657 9.30781727885054 6.94614912494843]
[7.052344103999 10.1246668704456 7.66493996369994 5.29743598312523]
[6.77041820455129 10.6151556365677 5.45531894717179 5.86913275423572]
[10.3472942750028 7.83073940680351 9.04432428286139 5.26464992940085]
[11.4165521204278 8.58371268483855 6.75831031484069 5.12794313138367]
[7.07937235954916 9.06134686493876 6.53207597602113 6.35015720202372]
[10.874079970643 6.55659764606561 5.83480267063803 6.17109969719601]
[6.66126248827259 8.53143121683007 5.41117413443948 7.27775098060543]
[10.9690200850337 7.67549934729427 8.36639893655891 5.96554091516331]
[8.03812992529499 10.6453161659279 7.5808901476584 5.88006082224331]
[9.20464082545088 8.35332064851327 7.15818894779861 6.01955733583749]
[7.6668987087031 10.538320562169 5.5637187342553 6.53186282722625]
[8.96358248558988 10.7845069344147 8.84874554695875 5.82579525153217]
[10.5409784707248 6.5074128348109 6.64345618001742 5.53608504658979]
[8.90010583604098 5.71033767163919 6.75274828442837 6.14263200100907]
[10.3906435926618 10.6690843920926 6.36892411636995 5.37509018404851]
[7.64321410193321 6.01050562035724 9.52793979876279 5.95395413285632]
[7.30076865598354 10.0302810344701 5.28143440877921 6.03331304854331]
[7.72455348687586 6.70013350260199 6.89365259999135 5.92434141029117]
[11.0298587802897 5.7481606546723 5.60040177083062 6.2293030037354]
[5.81034852244173 10.6939751985466 6.64546768695641 5.55720773281027]
[8.88008549313791 6.18840718523072 7.07011570290821 6.32988296701709]
[5.64897665893056 11.3940201619731 5.96963268084981 5.96349121668573]
[6.19777651875296 8.63304643410633 8.3944824933527 6.76229579886635]
[8.85706975297768 7.76818965491661 6.15124242408236 5.30798583282522]
[5.83320971447777 5.42985870275182 9.02146302305244 7.41496876102879]
[8.53222415304722 10.1533941149437 6.02859064581716 5.42885316415636]
[11.2675670351588 6.23558552216428 6.41766358801239 5.40911798787261]
[8.5534766604215 5.77158870548331 7.93201703523631 6.36745338288478]
[5.64124918792372 6.71276879469875 9.85982493160326 7.63349959677959]
[6.0158457997249 8.30207665325624 6.4539478165773 6.60246428719654]
[8.69874798171537 6.39210926650339 7.25429061326338 5.81329763880841]
[9.86145769698104 11.1942299796313 5.90308627614689 5.38769150241821]
[6.5385351222387 11.7522032821356 5.39650407440107 5.42976322766005]
[8.95930820951413 6.70560124998239 5.64867409736671 6.58699179300424]
[10.0819747149846 6.24965967315269 6.38214671300841 5.34866740625986]
[7.42940105088074 5.96973759636516 5.05594125066103 6.49437756899598]
[10.4657948893827 8.0085166147539 8.08436506787304 5.42425224865418]
[7.99881382672421 8.61147036915466 6.27813898050558 5.61763372598147]
[9.92139667619334 7.70932380434167 7.74209491921403 5.40962249083751]
[6.98308902962302 6.56430497473441 9.68925294361708 7.44904932374382]
[8.52889973897284 6.96985016516207 5.46892272060727 6.64542243119465]
[10.32341888536 11.0355314586963 5.58513938112396 5.46003364085268]
[10.7735625926033 7.16953142150345 6.92014289997918 5.9238520695844]
[7.55093784077868 9.44647921925647 7.21664746852131 6.2788514911279]
[9.62596653842849 5.88567534802381 6.11774137291483 6.28018585732834]
[11.9905587452976 6.5755289730328 7.06030048783627 5.23670150051652]
[5.03411295284951 10.5214641819055 6.50095483089807 6.74209180577555]
[7.8002810997726 8.28629121722004 7.1297480852061 6.7024503441994]
[7.73631272916021 7.45808148175506 8.45247576536134 6.49058097415757]
[11.2341681649385 7.95474296862696 6.50243851014053 5.59120391648962]
[7.09725688886603 8.17772560466632 6.43197467256652 6.28196548597549]
[6.06721218450174 9.61291857486531 5.55232674537222 5.777390580756]
[6.91182169011372 5.71966690629576 6.8857342728708 6.79190046527277]
[11.4326307755438 9.14753515458979 5.49234725777239 5.56545827576078]
[6.10442412021744 11.6370524740558 5.770730351412 5.95875784086201]
[7.79530421548687 8.63941641824165 6.8035107850486 5.79802717255638]
[5.97460290995142 6.2965196439707 6.48697365746659 6.56085908580382]
[5.37153033692598 8.28542269331343 9.35904151427745 7.09488075152645]
[10.9830085897641 7.42174785300727 5.74601593669092 6.09820501628696]
[10.619956622044 9.19920143692489 8.02618237892971 5.69750321097886]
[9.2067614477857 5.27581729565469 6.65553623820196 6.39988503628114]
[5.51469543593703 7.56065167775255 9.12657739897501 6.9154297840498]
[7.35687183803275 11.5164351132967 7.40175333741161 5.93914654065964]
[9.9065592826946 5.24272105412995 7.4172995222702 6.61637717897134]
[5.48169307443089 6.81835810331906 9.75988096091039 7.24041896647743]
[6.05397451273004 7.26085837354524 7.96385430060977 6.34496453656496]
[5.42395926573015 8.25255969304952 8.4128257078272 7.21026578596485]
[9.50318217973786 5.43794920533172 8.56263874224007 6.24758482193965]
[8.88276498838949 6.82477882091041 7.10642642971951 6.03720152588604]
[8.39741975671696 9.64236532671571 9.09730031709288 6.70175882180912]
[7.78900002051547 9.28070407800652 8.50972885085043 6.21114509615901]
[7.92636786991514 5.53837399253004 10.8365491609378 7.6195878168044]
[11.1146116120332 5.55845070331655 9.25291849665389 5.95008107663489]
[5.02149043208112 11.4137137218138 5.80398033073346 6.51738981993989]
[11.4807834620332 8.47704144267034 5.74253655197922 5.45569809991653]
[8.83184535794433 6.76141277041931 7.8358758261436 6.83589416874393]
[5.07038905785538 10.453323812426 8.54708206279438 6.23197189792321]
[6.71116898421232 8.25204614731012 8.29050057655135 6.31067913527759]
[10.5192940604737 10.2897352541007 6.00289265448513 5.14933171425636]
[10.2949745698136 10.6820812011442 7.03753684234383 5.32719897301818]
[8.13815209584348 8.6159788033379 6.96354393359078 5.91919444479614]
[7.36376056784954 10.2118904535522 5.45491173026178 5.01338722943356]
[8.4737718945016 5.72371723955092 7.10919848504961 6.58214319341746]
[7.47813792574348 7.22574342693857 8.50323734325175 6.66680930680174]
[8.90667539937334 10.2010572249285 6.01297237539026 5.84230955726383]
[6.78199790091153 10.460366743099 5.6148532064018 5.23402095036222]
[6.48749431858304 8.4536222223244 8.21207124050101 6.54677358535499]
[11.2909927451544 5.98282622407232 8.55660392484908 6.28483171585808]
[8.1072628357039 5.68014046152477 5.62849632796383 7.02088460874906]
[9.55391602177655 6.49100599458483 5.16927356856982 6.51376936126915]
[7.0549721046794 8.18673259313537 8.13520667044869 5.91295390431739]
[6.88310571042634 7.97471610437485 7.55092756534346 6.1494829662144]
[6.3209547897519 9.94888184039666 7.19458212076353 5.91893030306753]
[6.6082026181361 11.0767341944397 6.83906381087271 5.86694607188033]
[6.55643935609425 11.0724690445077 7.55631463184479 5.38893993481232]
[8.71271470812222 10.8314205229607 5.42090928896153 5.44363592793756]
[7.57585885001514 9.93253424796293 8.01956721088953 5.86304095786489]
[7.55820021981109 10.561933940171 6.47691752091186 5.65613099519508]
[10.9223114288752 5.42350072271081 8.33092802809162 5.95939907364783]
[10.0525919976801 5.2129791033688 10.5596709006893 6.9061430962852]
[7.289721180307 6.15290907738937 6.91146311463269 6.53296156537107]
[10.683758086084 6.37408634229593 8.39036131797875 5.29317629692604]
[10.6599359529132 6.73954104299575 8.16687572912629 5.93818279909407]
[8.72481033727158 6.07107691623867 9.29602777379678 5.90406640297357]
[10.423974891289 8.30325663362448 11.4094411988607 6.69209389301458]
[8.89305116811808 10.1169693580256 6.56835841643131 5.64335925750098]
[8.8625969613796 5.66549084940113 6.28865059458557 6.5786014790053]
[11.8848761806644 6.8226251831232 5.53623377666649 5.27856253393897]
[6.2513571235587 11.4869855989269 5.26994097870603 5.91421723311882]
[8.89559011017193 5.21879414537384 9.05718003494242 6.5947099448538]
[5.83410171722036 7.78387134162624 5.27767174516587 6.88683760312928]
[8.59201873955329 7.10724854353177 7.37593066782935 6.4580180096837]
[10.0930981144129 9.58654520426869 5.2106970044807 5.08798216785886]
[9.78654643381281 6.56236474779156 6.41237382240481 5.76321899566453]
[6.24206276981026 7.75538666008224 9.65843233878449 7.00709001405198]
[5.91450456316595 9.11540504500118 7.82563905141824 6.43865532139281]
[5.59059639053344 7.91136601895504 6.38204149290675 5.90473369595357]
[6.23811169590093 8.19609178212096 6.02761094839977 5.54605719255008]
[8.43836017215061 8.91191332556945 5.96811546861146 5.66119552639371]
[11.3105998692675 6.11144408990666 6.30974168206574 5.46750112260051]
[9.01943010905637 8.4078821503588 8.48944048295292 5.66786215181214]
[5.81200644205642 9.3418463028292 7.58177827220469 5.85578601834454]
[6.04765890733905 10.7242066016806 5.38238809605719 5.73956302330891]
[9.65153479362754 7.82983627288382 7.14198052650839 6.9958533156778]
[10.6802674334211 10.6386548774822 8.20762073260113 5.21006815858674]
[8.9468696104403 9.93242597172953 8.94681263641797 6.26660548446937]
[9.11155512593721 5.20839747765247 8.44026528639506 6.97161947429561]
[10.3889773987589 10.376864246519 7.42089341532029 5.7038957055446]
[8.80093050638926 5.63066908606867 9.38466467136081 6.55585847466269]
[6.75254537312589 9.38038566760879 8.6614830104856 6.10719796155117]
[5.11978079372004 7.92690777614929 8.95742506601324 6.734596895388]
[6.62322528873104 5.65922098452238 8.09289855236837 6.1454356897653]
[8.63803899658732 7.2497059422319 8.44445593364104 6.08816061079017]
[8.47653814410476 6.67617988205114 8.04806961175476 5.93045373612169]
[5.34099668793156 10.1366915716393 6.69630995777123 5.69414838710237]
[7.79235594543143 7.33276356358228 9.05186675928049 6.95290623848032]
[11.252448424301 6.74502126418756 6.95017480030871 6.1322435189595]
[10.0802824299421 5.71398038088466 8.46390223489715 5.93252657582664]
[9.8754109975327 6.85146509245195 9.9702499360301 6.09320191593472]
[6.25861410711758 5.91813256962885 8.17826835506673 7.12482246738004]
[9.39693935266051 8.95576717314225 8.7115764698414 5.67681297124345]
[5.02247381770819 7.62970187878101 6.49420797661673 6.87335809353316]
[7.02212450319674 8.65175639210118 7.90365529520524 6.90555896315337]
[9.63661021953689 8.91525812051125 9.427499044042 6.38939930217252]
[11.8284510896741 11.2609292280539 9.13262151359729 5.61714641623798]
[6.99632619605149 9.93197846422441 6.31617948365335 5.79506508929864]
[11.8717756864747 6.36606301896011 8.16510282317402 5.85341022274975]
[11.1897122613063 8.58442478956393 8.0528839605616 5.30211878752654]
[5.64887897171945 5.55882761433908 10.0159389017288 8.09143629425787]
[10.0538460109894 8.00169168786394 7.10885948430958 6.12353437668716]
[6.46739198305726 9.57270494034885 8.66088945903752 6.40966903969397]
[9.10604617740549 6.20176983499406 7.7488618583276 5.81942368819441]
[10.1429075304055 7.64652351861835 7.69846089481517 5.96706749337905]
[11.2876005775386 6.56323620852852 5.05314698075066 5.12418764244038]
[11.6557080035723 7.05850082955774 5.22093415105235 6.1033309928172]
[6.65020418229703 9.86212351003259 7.52622455869408 6.57470474876206]
[9.27419136403672 8.15742764963918 7.53850498697036 5.13776724457354]
[11.4743280179534 9.09930383405618 6.56463489170065 5.49723409708363]
[5.93015150843177 9.64222538790046 7.20852192687479 7.15667673017677]
[11.0816880101038 7.76224465282946 6.57331926302851 5.40579304553248]
[5.20037727421285 6.06365919077183 8.16286407536969 6.71395150350621]
[9.80186961281977 10.9306846174872 5.35699631808831 5.84901451949926]
[6.60263306588595 8.00285177871135 7.13003624392641 7.29106358946712]
[9.47648351596662 9.32611457250072 5.9444329251584 5.4844874026028]
[7.2909468121074 5.23340360672557 6.24846160869902 6.58444549866793]
[11.8671927299222 8.76535086282934 5.80406065728846 5.18354827278742]
[8.90677566881911 5.16155906577327 6.53246474685674 6.37677834326466]
[7.13397079990558 7.65369287362955 6.05360975397659 6.32839268610679]
[9.67808721891933 9.69267122516337 7.97461995102012 5.59926033109546]
[7.55088869307593 5.12397906821762 7.82592236367776 6.93455083188459]
[9.71583137996348 9.92155596024748 6.56514622554674 5.4010282457846]
[11.0931762673109 8.08279728886063 6.49127434666301 5.27953378930547]
[6.51111746683677 5.18787399626093 8.28080464526108 6.17600690814684]
[6.33900039784526 8.08833589866082 6.95521543635264 6.46327075619708]
[9.19639560904627 7.54743816433546 6.97738266602059 5.35593571079978]
[11.0076572645534 6.89222889461012 6.75876143275319 6.15004097538212]
[9.17529919036547 7.82596863271596 7.67366775139537 6.20297187433056]
[9.94681530525138 10.5994571353903 7.32075530415065 5.78472098019559]
[11.9494198550125 7.77153008163918 8.52508622715938 5.82915639773235]
[6.14110060999468 7.88897834599786 6.23048926434525 6.70214660090304]
[5.55152349928421 5.60264256601228 7.57668449985241 6.13134119356062]
[10.6434863977803 6.80163599602991 8.40175645110364 5.27637154627027]
[5.1894895569691 6.26495925199651 8.16772409898608 6.48625200322847]
[8.55183699742778 6.37046956692979 6.88900892910938 5.99730857695803]
[10.9565583356702 6.05258675674733 6.11304087123814 5.88427123714786]
[7.30622889583007 7.22146925901291 9.50861878224385 6.84332944086892]
[7.45924810247651 10.1062838671139 5.78830420795214 6.39694061928178]
[10.3364978095652 7.1958993045178 9.0075677134925 6.49081680245845]
[8.03077765338682 8.35631435339113 6.41196538574161 6.1701551157451]
[11.4082527362974 6.31076917308139 6.98166359789858 5.61784839737494]
[5.33034419156089 8.44527842769207 8.02939080450141 6.58318426701694]
[11.0984605012246 9.9181545094627 8.57282266764809 6.10798274320336]
[6.60560561689447 11.8303792533828 5.16359783512702 6.77512101099543]
[6.09744783836469 5.75638119226077 7.40184581595486 6.91230114510618]
[7.77036310390322 7.78100420781847 7.66826475837808 6.71059701304343]
[6.67616967005871 9.27250244230854 7.17949348722549 6.02246212922628]
[9.92896724676131 8.65637321470933 6.18635245927431 6.26229043680703]
[8.80399046040837 8.72612126935691 8.01310831866523 5.8992965940566]
[5.86109858730494 8.10083210801054 5.63073244378388 7.12320014511808]
[7.93781862896663 7.98761763151287 8.25174995995443 5.91353902238436]
[10.8749002011037 7.14413335003077 7.64583296335342 6.04272703622095]
[8.72324283550917 5.61222215478084 9.14344018154589 6.42100875882422]
[10.0281362451901 8.81403066961744 7.15882742025316 5.74381753821562]
[5.51103974278142 8.70473831182879 6.00849828719087 6.35529464119592]
[6.04969585078063 6.89916043779264 9.84546551377848 7.11212769422515]
[9.95403100685423 7.71549357931017 9.28457297506766 6.47274339109775]
[10.2427262218837 5.80234440186986 6.2518062706559 6.48816882901587]
[5.80142101735279 9.19562350717159 5.85219705672654 7.02694276502626]
[10.8740395150036 8.4262310491658 6.27377604492283 5.45636843810535]
[8.74908086274928 8.12513602806215 7.10054163333728 6.46426284938822]
[5.41835192127473 8.39585988450279 9.6768410687072 6.8876623863386]
[6.70230368200063 10.4203253507517 7.67302512802413 6.47965159405101]
[8.61544820406341 9.54592430552043 6.1680170149419 6.53723715258558]
[10.1684373930877 11.7974687045414 7.35178470989236 5.51088432388071]
[11.6995755251351 11.3217910026703 5.98353069139901 5.76952500185231]
[10.0991482696751 6.88407885116844 7.28736632464523 5.99259613363338]
[6.77408823771509 9.23291566152035 6.35863337412696 6.88146783817244]
[10.7444360095014 5.44684879589261 8.58400801455094 5.85354584330357]
[9.90964182888916 5.52421856807758 6.28676558613351 6.31768334598881]
[9.8330039730401 6.25733100259517 9.52366865073368 6.49828474089236]
[8.18694363210799 10.4369966620089 5.03844562826845 5.83353157419138]
[7.52141687748401 6.44249665854113 10.0692881637251 6.85250670108771]
[10.2079230472246 7.42321743766381 7.61693324147352 5.50721658243795]
[9.60779896012387 10.7427516217568 7.2733248229615 5.59794336056562]
[5.5428730378238 6.00326772027448 8.07489606158213 6.79912412728752]
[5.34040435020466 7.80615410294921 6.58383340724486 6.9173157339712]
[10.4190201834952 10.8570953419303 5.88169504618308 5.52813448355704]
[10.5718027070711 7.51070912546104 5.42305568149641 5.82124160973292]
[6.95089083871668 8.71647413719576 7.41338457950488 6.03018235117649]
[9.73847093883655 6.49893615126926 6.46408736244514 6.02801320703895]
[9.16924418772337 11.9943509400346 5.0908761341947 5.5861730924332]
[9.42402182792421 11.6264156302643 7.23099200817622 5.50986245901251]
[11.5348361148748 6.4420110705576 7.95555053133469 6.08218932545028]
[10.8859859427459 6.52049628626123 5.13741884090172 5.49153749380335]
[11.1659493292673 6.50067376052887 8.10553005774712 6.24974133574905]
[7.45466151543411 6.80709279060768 6.54371166234567 6.3907460643523]
[9.74770064421965 7.70342224024417 6.21266400210693 5.9244431618556]
[8.34985169890918 7.35704343823373 6.80633327350296 6.54971923128356]];