m1_prod_P1;m1_prod_P2;m1_prod_P3;m1_prod_P4;m2_prod_P1;m2_prod_P2;m2_prod_P3;m2_prod_P4;m3_prod_P1;m3_prod_P2;m3_prod_P3;m3_prod_P4;m1_stock_P1;m1_stock_P2;m1_stock_P3;m1_stock_P4;m2_stock_P1;m2_stock_P2;m2_stock_P3;m2_stock_P4;m3_stock_P1;m3_stock_P2;m3_stock_P3;m3_stock_P4;asAvgProfit;avgProfit;asMaxRisk;maxRisk;objective
0;0;0;0;0;0;0;0;0;0;0;0;0;0;0;0;0;0;0;0;50;50;50;50;-200;-199.9999999999972;0;2.813749233609997e-012;0
19;0;2;19;0;0;0;0;0;11;0;11;0;0;0;0;0;0;0;0;50;50;50;50;608;247.779;0;87.6119;-0.01843675346856585
28;0;3;28;0;0;0;0;0;33;0;33;0;0;0;0;0;0;0;0;50;50;50;50;1416;698.5;0;174.351;-0.0367100456359787
38;0;4;38;0;0;0;0;0;54;0;54;0;0;0;0;0;0;0;0;50;50;50;50;2224;1149.61;0;261.267;-0.05498011896510571
43;0;6;43;0;0;0;0;0;79;1;79;0;0;0;0;0;0;0;0;50;50;50;50;3032;1599.28;0;348.179;-0.07330361233644177
53;0;6;53;0;0;1;0;0;100;1;100;0;0;0;0;0;0;0;0;50;50;50;50;3840;2050.39;0;435.096;-0.09156338630944205
62;0;9;62;0;0;0;0;0;122;0;122;0;0;0;0;0;0;0;0;50;50;50;50;4648;2501.11;0;521.834;-0.1098431095479457
69;0;11;69;0;0;1;0;0;145;0;145;0;0;0;0;0;0;0;0;50;50;50;50;5456;2951.56;0;609.102;-0.1281773978901239
80;0;11;80;0;0;1;0;0;165;1;165;0;0;0;0;0;0;0;0;50;50;50;50;6264;3403.06;0;696.196;-0.1465051229392325
90;0;14;90;0;0;0;0;0;186;0;186;0;0;0;0;0;0;0;0;50;50;50;50;7072;3854.17;0;783.112;-0.1647954864544487
100;0;15;100;0;0;0;0;0;207;0;207;0;0;0;0;0;0;0;0;50;50;50;50;7880;4305.28;0;870.029;-0.1830858499696648
115;0;16;115;0;0;0;0;0;222;1;222;0;0;0;0;0;0;0;0;50;50;50;50;8688;4751.5;0;956.93;-0.2014064958573877
125;0;18;125;0;0;0;0;0;243;0;243;0;0;0;0;0;0;0;0;50;50;50;50;9496;5202.61;0;1043.85;-0.219666269830388
134;0;19;134;0;0;0;0;0;265;0;265;0;0;0;0;0;0;0;0;50;50;50;50;10304;5653.33;0;1130.59;-0.2379459930688913
140;0;22;140;0;0;0;0;0;289;0;289;0;0;0;0;0;0;0;0;50;50;50;50;11112;6103.39;0;1217.68;-0.2562598365308508
150;0;21;150;0;0;0;0;0;310;2;310;0;0;0;0;0;0;0;0;50;50;50;50;11920;6554.5;0;1304.59;-0.274533843028656
160;0;24;160;0;0;0;0;0;331;0;331;0;0;0;0;0;0;0;0;50;50;50;50;12728;7005.61;0;1391.51;-0.2928242065438722
170;0;25;170;0;0;0;0;0;352;0;352;0;0;0;0;0;0;0;0;50;50;50;50;13536;7456.73;0;1478.75;-0.3111837686433193
187;0;27;187;0;0;0;0;0;365;0;365;0;0;0;0;0;0;0;0;50;50;50;50;14344;7903.72;0;1565.68;-0.3295093793783332
196;0;28;196;0;0;0;0;0;387;0;387;0;0;0;0;0;0;0;0;50;50;50;50;15152;8354.45;0;1652.42;-0.3477891026168369
216;0;29;216;0;0;0;0;0;397;1;397;0;0;0;0;0;0;0;0;50;50;50;50;15960;8802.61;0;1740.21;-0.3662037174436513
251;0;29;251;0;0;0;0;0;393;0;393;0;0;0;0;0;0;0;0;50;50;50;50;16768;9248.78;0;1827.99;-0.3847121568583429
277;0;29;277;0;0;0;0;0;398;0;398;0;0;0;0;0;0;0;0;50;50;50;50;17576;9698.79;0;1916.02;-0.4032004187589286
300;0;32;300;0;0;0;0;0;400;7;400;0;0;0;0;0;0;0;0;50;50;50;50;18384;10135.9;0;2005.13;-0.4220020882146571
300;0;93;300;0;0;0;0;0;400;1;400;0;0;0;0;0;0;0;0;50;50;50;50;19192;10540;0;2103.39;-0.4426703551744834
300;0;0;300;0;0;2;0;0;400;147;400;0;0;0;0;0;0;0;0;50;50;50;50;20000;10944;0;2201.64;-0.4633386221343102
0;0;0;0;0;0;0;0;0;0;0;0;0;0;0;0;0;0;0;0;50;50;50;50;-200;-199.9999999999972;320;2.813749233609997e-012;3.366649132035771e-010
41;0;24;41;0;0;0;0;0;28;0;28;0;0;0;0;0;0;0;0;50;50;50;50;608;971.353;320;235.686;1.774285749723168e-006
69;0;0;69;0;0;0;0;0;42;2;42;0;0;0;0;0;0;0;0;50;50;50;50;1416;1416.6;320;318.566;3.093653996416157e-009
47;0;7;47;0;0;0;0;0;95;0;95;0;0;0;0;0;0;0;0;50;50;50;50;2224;1884.62;320;402.667;-0.01739608493701076
65;0;9;65;0;0;0;0;0;107;0;107;0;0;0;0;0;0;0;0;50;50;50;50;3032;2332.01;320;490.101;-0.03581416301893101
75;0;0;75;0;0;0;0;0;128;10;128;0;0;0;0;0;0;0;0;50;50;50;50;3840;2783.12;320;577.017;-0.05408584038690029
84;0;11;84;0;0;0;0;0;150;0;150;0;0;0;0;0;0;0;0;50;50;50;50;4648;3233.84;320;663.756;-0.07235366023043487
90;0;4;90;0;0;3;0;0;174;7;174;0;0;0;0;0;0;0;0;50;50;50;50;5456;3683.9;320;750.846;-0.09066750369239451
99;0;0;99;0;0;15;0;0;196;0;196;0;0;0;0;0;0;0;0;50;50;50;50;6264;4134.62;320;837.585;-0.1089472269308981
109;0;16;109;0;0;0;0;0;217;0;217;0;0;0;0;0;0;0;0;50;50;50;50;7072;4585.73;320;924.501;-0.127209164579003
119;0;16;119;0;0;0;0;0;238;1;238;0;0;0;0;0;0;0;0;50;50;50;50;7880;5036.85;320;1011.43;-0.1455023733212724
126;0;19;126;0;0;1;0;0;261;0;261;0;0;0;0;0;0;0;0;50;50;50;50;8688;5487.29;320;1098.69;-0.1638638463423508
136;0;21;136;0;0;0;0;0;282;0;282;0;0;0;0;0;0;0;0;50;50;50;50;9496;5938.4;320;1185.6;-0.182154209857567
146;0;22;146;0;0;0;0;0;303;0;303;0;0;0;0;0;0;0;0;50;50;50;50;10304;6389.51;320;1272.52;-0.2004445733727831
161;0;24;161;0;0;0;0;0;318;0;318;0;0;0;0;0;0;0;0;50;50;50;50;11112;6835.73;320;1359.42;-0.2187903364788434
172;0;25;172;0;0;0;0;0;338;0;338;0;0;0;0;0;0;0;0;50;50;50;50;11920;7287.23;320;1446.51;-0.2370596057548878
181;0;26;181;0;0;0;0;0;360;0;360;0;0;0;0;0;0;0;0;50;50;50;50;12728;7737.96;320;1533.25;-0.2553126077362115
187;0;24;187;0;0;1;0;0;384;4;384;0;0;0;0;0;0;0;0;50;50;50;50;13536;8188.01;320;1620.34;-0.2736395644504506
209;0;29;209;0;0;0;0;0;393;0;393;0;0;0;0;0;0;0;0;50;50;50;50;14344;8636.46;320;1707.6;-0.2920199300608223
233;0;29;233;0;0;0;0;0;400;0;400;0;0;0;0;0;0;0;0;50;50;50;50;15152;9085.68;320;1795.22;-0.3104398849895272
264;0;30;264;0;0;0;0;0;399;0;399;0;0;0;0;0;0;0;0;50;50;50;50;15960;9530.79;320;1883.17;-0.3289490736785364
299;0;28;299;0;0;1;0;0;395;0;395;0;0;0;0;0;0;0;0;50;50;50;50;16768;9976.96;320;1970.96;-0.3474556654118629
300;0;74;300;0;0;0;0;0;400;0;400;0;0;0;0;0;0;0;0;50;50;50;50;17576;10393.1;320;2067.66;-0.3677713431258667
300;0;129;300;0;0;0;0;0;400;0;400;0;0;0;0;0;0;0;0;50;50;50;50;18384;10797.1;320;2165.91;-0.388448085184334
300;0;177;300;0;0;1;0;0;400;6;400;0;0;0;0;0;0;0;0;50;50;50;50;19192;11201.1;320;2264.17;-0.4091248272428013
300;0;0;300;0;0;0;0;0;400;239;400;0;0;0;0;0;0;0;0;50;50;50;50;20000;11605.2;320;2362.43;-0.4298015693012685
0;0;0;0;0;0;0;0;0;0;0;0;0;0;0;0;0;0;0;0;50;50;50;50;-200;-199.9999999999972;640;2.813749233609997e-012;6.733298264071542e-010
47;0;46;47;0;0;0;0;0;62;0;62;0;0;0;0;0;0;0;0;50;50;50;50;608;1702.88;640;383.607;5.395448596735079e-006
79;0;73;79;0;0;0;0;0;30;0;30;0;0;0;0;0;0;0;0;50;50;50;50;1416;1913.7;640;521.218;2.499620698515928e-006
76;0;31;76;0;0;0;0;0;102;0;102;0;0;0;0;0;0;0;0;50;50;50;50;2224;2583.05;640;547.49;1.837047252048609e-006
96;0;43;96;0;0;0;0;0;107;0;107;0;0;0;0;0;0;0;0;50;50;50;50;3032;3033.73;640;639.7;8.873725378535254e-009
83;0;13;83;0;0;0;0;0;170;0;170;0;0;0;0;0;0;0;0;50;50;50;50;3840;3517.74;640;718.239;-0.01648795800440838
93;0;14;93;0;0;0;0;0;191;0;191;0;0;0;0;0;0;0;0;50;50;50;50;4648;3968.85;640;805.156;-0.03475480834012902
105;0;15;105;0;0;0;0;0;210;0;210;0;0;0;0;0;0;0;0;50;50;50;50;5456;4420.75;640;892.439;-0.05312240541758888
121;0;17;121;0;0;0;0;0;224;0;224;0;0;0;0;0;0;0;0;50;50;50;50;6264;4867.35;640;979.506;-0.07145777761338734
131;0;18;131;0;0;0;0;0;245;0;245;0;0;0;0;0;0;0;0;50;50;50;50;7072;5318.47;640;1066.42;-0.08973492730523471
136;0;15;136;0;0;1;0;0;270;5;270;0;0;0;0;0;0;0;0;50;50;50;50;7880;5768.13;640;1153.34;-0.1080513443138504
146;0;22;146;0;0;0;0;0;291;0;291;0;0;0;0;0;0;0;0;50;50;50;50;8688;6219.24;640;1240.25;-0.1263148860007975
155;0;23;155;0;0;0;0;0;313;0;313;0;0;0;0;0;0;0;0;50;50;50;50;9496;6669.97;640;1326.99;-0.1445908415253543
164;0;0;164;0;0;12;0;0;335;12;335;0;0;0;0;0;0;0;0;50;50;50;50;10304;7120.69;640;1413.73;-0.1628705647638577
172;0;26;172;0;0;0;0;0;357;1;357;0;0;0;0;0;0;0;0;50;50;50;50;11112;7571.52;640;1501.17;-0.1812225697454691
182;0;28;182;0;0;0;0;0;378;0;378;0;0;0;0;0;0;0;0;50;50;50;50;11920;8022.63;640;1588.09;-0.1995129332606853
192;0;29;192;0;0;0;0;0;399;0;399;0;0;0;0;0;0;0;0;50;50;50;50;12728;8473.75;640;1675.01;-0.2178032967759014
221;0;30;221;0;0;0;0;0;400;0;400;0;0;0;0;0;0;0;0;50;50;50;50;13536;8918.08;640;1762.61;-0.2362707067703115
257;0;29;257;0;0;0;0;0;395;0;395;0;0;0;0;0;0;0;0;50;50;50;50;14344;9364.64;640;1850.57;-0.2547634386143425
289;0;30;289;0;0;0;0;0;393;0;393;0;0;0;0;0;0;0;0;50;50;50;50;15152;9810.14;640;1938.7;-0.273310239947333
299;0;55;299;0;0;0;0;0;400;0;400;0;0;0;0;0;0;0;0;50;50;50;50;15960;10238.9;640;2030.85;-0.2927131054458107
299;0;109;299;0;0;0;0;0;400;1;400;0;0;0;0;0;0;0;0;50;50;50;50;16768;10642.9;640;2129.11;-0.3133813724056367
299;0;164;299;0;0;0;0;0;400;1;400;0;0;0;0;0;0;0;0;50;50;50;50;17576;11047;640;2227.36;-0.334049639365463
299;0;200;299;0;0;20;0;0;400;0;400;0;0;0;0;0;0;0;0;50;50;50;50;18384;11451;640;2325.62;-0.3547179063252893
300;0;200;300;0;0;73;0;0;400;0;400;0;0;0;0;0;0;0;0;50;50;50;50;19192;11854.9;640;2423.17;-0.3753919515926665
300;0;0;300;0;0;8;0;0;400;320;400;0;0;0;0;0;0;0;0;50;50;50;50;20000;12259;640;2521.42;-0.3960602185524931
0;0;0;0;0;0;0;0;0;0;0;0;0;0;0;0;0;0;0;0;50;50;50;50;-200;-199.9999999999972;960;2.813749233609997e-012;1.009994739610731e-009
81;0;85;81;0;0;0;0;0;37;0;37;0;0;0;0;0;0;0;0;50;50;50;50;608;2130.34;960;580.694;7.788880445275188e-006
43;0;0;43;0;0;117;0;0;97;0;97;0;0;0;0;0;0;0;0;50;50;50;50;1416;2662.76;960;662.685;6.378895612143305e-006
49;0;140;49;0;0;0;0;0;102;0;102;0;0;0;0;0;0;0;0;50;50;50;50;2224;2990.14;960;775.393;3.919875648044319e-006
57;0;155;57;0;0;0;0;0;115;0;115;0;0;0;0;0;0;0;0;50;50;50;50;3032;3401.43;960;867.117;1.890136931162073e-006
67;0;168;67;0;0;0;0;0;129;0;129;0;0;0;0;0;0;0;0;50;50;50;50;3840;3841.37;960;956.594;7.166208459686203e-008
127;0;70;127;0;0;0;0;0;175;0;175;0;0;0;0;0;0;0;0;50;50;50;50;4648;4648.9;960;959.635;4.619699328610728e-009
120;0;18;120;0;0;1;0;0;244;0;244;0;0;0;0;0;0;0;0;50;50;50;50;5456;5151.25;960;1033.99;-0.01559207538736083
130;0;20;130;0;0;0;0;0;265;0;265;0;0;0;0;0;0;0;0;50;50;50;50;6264;5602.36;960;1120.91;-0.03386052976192364
139;0;19;139;0;0;2;0;0;287;0;287;0;0;0;0;0;0;0;0;50;50;50;50;7072;6053.09;960;1207.64;-0.0521315725988647
149;0;20;149;0;0;1;0;0;308;1;308;0;0;0;0;0;0;0;0;50;50;50;50;7880;6504.2;960;1294.56;-0.0704038952584635
168;0;24;168;0;0;0;0;0;319;0;319;0;0;0;0;0;0;0;0;50;50;50;50;8688;6951.98;960;1382.17;-0.08884064872702935
177;0;25;177;0;0;0;0;0;341;0;341;0;0;0;0;0;0;0;0;50;50;50;50;9496;7402.7;960;1468.91;-0.1071013922078435
186;0;0;186;0;0;0;0;0;363;26;363;0;0;0;0;0;0;0;0;50;50;50;50;10304;7853.42;960;1555.65;-0.1253811154463469
192;0;29;192;0;0;0;0;0;387;0;387;0;0;0;0;0;0;0;0;50;50;50;50;11112;8303.48;960;1642.74;-0.1436949589083063
215;0;29;215;0;0;0;0;0;395;0;395;0;0;0;0;0;0;0;0;50;50;50;50;11920;8752.31;960;1730.18;-0.1620737696734587
241;0;29;241;0;0;0;0;0;400;0;400;0;0;0;0;0;0;0;0;50;50;50;50;12728;9202.32;960;1818.15;-0.1805860145446842
271;0;30;271;0;0;0;0;0;400;0;400;0;0;0;0;0;0;0;0;50;50;50;50;13536;9647.04;960;1905.93;-0.1990578416997866
300;0;33;300;0;0;0;0;0;400;0;400;0;0;0;0;0;0;0;0;50;50;50;50;14344;10091.9;960;1994.41;-0.2176783466555946
300;0;88;300;0;0;0;0;0;400;0;400;0;0;0;0;0;0;0;0;50;50;50;50;15152;10495.9;960;2092.67;-0.2383550887140618
300;0;143;300;0;0;0;0;0;400;0;400;0;0;0;0;0;0;0;0;50;50;50;50;15960;10899.9;960;2190.93;-0.2590318307725291
300;0;198;300;0;0;0;0;0;400;0;400;0;0;0;0;0;0;0;0;50;50;50;50;16768;11304;960;2289.18;-0.2797085728309963
300;0;200;300;0;0;53;0;0;400;0;400;0;0;0;0;0;0;0;0;50;50;50;50;17576;11708;960;2387.44;-0.3003853148894635
300;0;200;300;0;0;108;0;0;400;0;400;0;0;0;0;0;0;0;0;50;50;50;50;18384;12112.1;960;2485.69;-0.3210620569479308
300;0;200;300;0;0;163;0;0;400;0;400;0;0;0;0;0;0;0;0;50;50;50;50;19192;12516.1;960;2583.95;-0.3417387990063981
300;0;0;300;0;0;0;0;0;400;401;400;0;0;0;0;0;0;0;0;50;50;50;50;20000;12795.3;960;2712.89;-0.3688729687074343
0;0;0;0;0;0;0;0;0;0;0;0;0;0;0;0;0;0;0;0;50;50;50;50;-200;-199.9999999999972;1280;2.813749233609997e-012;1.346659652814308e-009
102;0;42;102;0;0;0;0;0;108;0;108;0;0;0;0;0;0;0;0;50;50;50;50;608;3128.05;1280;657.801;1.28936e-005
105;0;103;105;0;0;0;0;0;103;1;103;0;0;0;0;0;0;0;0;50;50;50;50;1416;3556.3;1280;771.985;1.06905e-005
48;0;128;48;0;0;0;0;0;94;0;94;0;0;0;0;0;0;0;0;50;50;50;50;2224;2773.9;1280;717.648;2.813926592800808e-006
75;0;175;75;0;0;0;0;0;138;0;138;0;0;0;0;0;0;0;0;50;50;50;50;3032;4137.13;1280;1012.59;5.627336877524652e-006
222;0;0;222;0;0;0;0;0;116;35;116;0;0;0;0;0;0;0;0;50;50;50;50;3840;4939.65;1280;1010.77;5.626220180453631e-006
103;0;0;103;0;0;0;0;0;171;190;171;0;0;0;0;0;0;0;0;50;50;50;50;4648;5123.78;1280;1171.17;2.434278705673069e-006
127;0;198;127;0;0;0;0;0;170;0;170;0;0;0;0;0;0;0;0;50;50;50;50;5456;5518.26;1280;1263.76;3.185620668189437e-007
230;0;78;230;0;0;0;0;0;179;0;179;0;0;0;0;0;0;0;0;50;50;50;50;6264;6266.09;1280;1279.92;1.067251034177001e-008
161;0;23;161;0;0;0;0;0;315;0;315;0;0;0;0;0;0;0;0;50;50;50;50;7072;6785.82;1280;1349.57;-0.01464212328135391
171;0;24;171;0;0;0;0;0;336;0;336;0;0;0;0;0;0;0;0;50;50;50;50;7880;7236.93;1280;1436.57;-0.03294851172242133
176;0;27;176;0;0;0;0;0;361;0;361;0;0;0;0;0;0;0;0;50;50;50;50;8688;7686.6;1280;1523.4;-0.05123568998181702
186;0;27;186;0;0;1;0;0;382;0;382;0;0;0;0;0;0;0;0;50;50;50;50;9496;8137.71;1280;1610.31;-0.06950961668025804
208;0;26;208;0;0;1;0;0;391;1;391;0;0;0;0;0;0;0;0;50;50;50;50;10304;8586.15;1280;1697.66;-0.08789166708692339
229;0;30;229;0;0;0;0;0;400;0;400;0;0;0;0;0;0;0;0;50;50;50;50;11112;9034.71;1280;1785.54;-0.1063838919522592
263;0;28;263;0;0;1;0;0;397;0;397;0;0;0;0;0;0;0;0;50;50;50;50;11920;9480.49;1280;1873.14;-0.1248191259083438
295;0;30;295;0;0;0;0;0;395;0;395;0;0;0;0;0;0;0;0;50;50;50;50;12728;9925.99;1280;1961.28;-0.1433656761312364
300;0;69;300;0;0;0;0;0;399;0;399;0;0;0;0;0;0;0;0;50;50;50;50;13536;10342.1;1280;2056.04;-0.1634099517190116
300;0;124;300;0;0;0;0;0;399;0;399;0;0;0;0;0;0;0;0;50;50;50;50;14344;10746.2;1280;2154.29;-0.1840782186788379
300;0;178;300;0;0;0;0;0;399;1;399;0;0;0;0;0;0;0;0;50;50;50;50;15152;11150.2;1280;2252.55;-0.2047464856386642
300;0;200;300;0;0;34;0;0;399;0;399;0;0;0;0;0;0;0;0;50;50;50;50;15960;11554.3;1280;2350.81;-0.2254147525984903
300;0;200;300;0;0;89;0;0;399;0;399;0;0;0;0;0;0;0;0;50;50;50;50;16768;11958.3;1280;2449.06;-0.2460830195583165
300;0;200;300;0;0;144;0;0;399;0;399;0;0;0;0;0;0;0;0;50;50;50;50;17576;12362.3;1280;2547.32;-0.2667512865181428
300;0;198;300;0;0;189;0;0;400;1;400;0;0;0;0;0;0;0;0;50;50;50;50;18384;12699.8;1280;2660.07;-0.2908279864906224
300;0;200;300;0;0;222;0;0;400;0;400;0;0;0;0;0;0;0;0;50;50;50;50;19192;12949.5;1280;2798.22;-0.3194896671333443
300;0;0;300;0;0;0;0;0;400;455;400;0;0;0;0;0;0;0;0;50;50;50;50;20000;13191.9;1280;2932.31;-0.3483263589661611
0;0;0;0;0;0;0;0;0;0;0;0;0;0;0;0;0;0;0;0;50;50;50;50;-200;-199.9999999999972;1600;2.813749233609997e-012;1.683324566017886e-009
111;0;140;111;0;0;6;0;0;130;1;130;0;0;0;0;0;0;0;0;50;50;50;50;608;4342.77;1600;983.694;1.29696e-005
67;0;0;67;0;0;173;0;0;133;0;133;0;0;0;0;0;0;0;0;50;50;50;50;1416;3934.86;1600;980.135;1.28874e-005
76;0;188;76;0;0;0;0;0;146;0;146;0;0;0;0;0;0;0;0;50;50;50;50;2224;4360.72;1600;1074.4;1.09323e-005
100;0;0;100;0;0;0;0;0;161;186;161;0;0;0;0;0;0;0;0;50;50;50;50;3032;4908.77;1600;1139.25;9.602273658105222e-006
116;0;0;116;0;0;0;0;0;183;189;183;0;0;0;0;0;0;0;0;50;50;50;50;3840;5476.24;1600;1209.76;8.212063778047958e-006
186;0;0;186;0;0;83;0;0;211;0;211;0;0;0;0;0;0;0;0;50;50;50;50;4648;6115.39;1600;1248.78;7.391062173517242e-006
202;0;0;202;0;0;0;0;0;125;209;125;0;0;0;0;0;0;0;0;50;50;50;50;5456;6053.99;1600;1462.44;2.894706972117681e-006
189;0;0;189;0;0;158;0;0;226;0;226;0;0;0;0;0;0;0;0;50;50;50;50;6264;6922.92;1600;1431.69;3.371319003801138e-006
260;0;132;260;0;0;0;0;0;201;0;201;0;0;0;0;0;0;0;0;50;50;50;50;7072;7412.32;1600;1521.54;1.651132123036679e-006
300;0;92;300;0;0;0;0;0;214;0;214;0;0;0;0;0;0;0;0;50;50;50;50;7880;7886.1;1600;1599.69;3.120213721651379e-008
198;0;29;198;0;0;0;0;0;389;0;389;0;0;0;0;0;0;0;0;50;50;50;50;8688;8419.33;1600;1665.32;-0.0137462406643062
220;0;29;220;0;0;0;0;0;398;0;398;0;0;0;0;0;0;0;0;50;50;50;50;9496;8867.77;1600;1752.58;-0.03214244283832528
252;0;28;252;0;0;1;0;0;396;1;396;0;0;0;0;0;0;0;0;50;50;50;50;10304;9313.28;1600;1840.71;-0.05068924417131541
288;0;29;288;0;0;0;0;0;391;0;391;0;0;0;0;0;0;0;0;50;50;50;50;11112;9759.84;1600;1928.67;-0.06918197601534645
300;0;47;300;0;0;0;0;0;400;0;400;0;0;0;0;0;0;0;0;50;50;50;50;11920;10194.7;1600;2019.42;-0.08827203388797536
300;0;102;300;0;0;0;0;0;400;0;400;0;0;0;0;0;0;0;0;50;50;50;50;12728;10598.8;1600;2117.68;-0.1089403008478016
300;0;157;300;0;0;0;0;0;400;0;400;0;0;0;0;0;0;0;0;50;50;50;50;13536;11002.8;1600;2215.94;-0.1296155763607242
300;0;200;300;0;0;12;0;0;400;0;400;0;0;0;0;0;0;0;0;50;50;50;50;14344;11406.8;1600;2314.19;-0.1502923184191914
300;0;200;300;0;0;67;0;0;400;0;400;0;0;0;0;0;0;0;0;50;50;50;50;15152;11810.9;1600;2412.45;-0.1709690604776586
300;0;200;300;0;0;122;0;0;400;0;400;0;0;0;0;0;0;0;0;50;50;50;50;15960;12214.9;1600;2510.71;-0.1916458025361261
300;0;200;300;0;0;175;0;0;400;1;400;0;0;0;0;0;0;0;0;50;50;50;50;16768;12611.6;1600;2611.31;-0.2128168665303104
300;0;200;300;0;0;209;0;0;400;0;400;0;0;0;0;0;0;0;0;50;50;50;50;17576;12854;1600;2745.4;-0.241594582497413
300;0;200;300;0;0;243;0;0;400;0;400;0;0;0;0;0;0;0;0;50;50;50;50;18384;13103.8;1600;2883.55;-0.2701558710186103
300;0;198;300;0;0;277;0;0;400;1;400;0;0;0;0;0;0;0;0;50;50;50;50;19192;13346.2;1600;3017.64;-0.2990929549729509
300;0;0;300;0;0;0;0;0;400;510;400;0;0;0;0;0;0;0;0;50;50;50;50;20000;13596;1600;3155.79;-0.3276542434941489
0;0;0;0;0;0;0;0;0;0;0;0;0;0;0;0;0;0;0;0;50;50;50;50;-200;-199.9999999999972;1920;2.813749233609997e-012;2.019989479221463e-009
147;0;194;147;0;0;0;0;0;3;0;3;0;0;0;0;0;200;0;200;50;50;50;50;608;5848.71;1920;1324.84;1.2525e-005
92;0;0;92;0;0;0;0;0;89;234;89;0;0;0;0;0;0;0;0;50;50;50;50;1416;4123.12;1920;1255.95;1.39741e-005
112;0;0;112;0;0;0;0;0;178;184;178;0;0;0;0;0;0;0;0;50;50;50;50;2224;5310.24;1920;1175.27;1.56719e-005
30;0;81;30;0;0;0;0;0;239;0;239;0;0;0;0;0;0;0;0;50;50;50;50;3032;4223.64;1920;991.673;6.099558325716644e-006
101;0;200;101;0;0;103;0;0;120;0;120;0;0;0;0;0;0;0;0;50;50;50;50;3840;5201.09;1920;1584.14;6.963852823263673e-006
190;0;0;190;0;0;85;0;0;216;1;216;0;0;0;0;0;0;0;0;50;50;50;50;4648;6266.69;1920;1279.04;8.282097577096579e-006
234;0;0;234;0;0;114;0;0;227;0;227;0;0;0;0;0;0;0;0;50;50;50;50;5456;7269.95;1920;1484.76;9.158946138101855e-006
290;0;0;290;0;0;0;0;0;167;169;167;0;0;0;0;0;0;0;0;50;50;50;50;6264;7639.07;1920;1582.21;7.03537162053073e-006
281;0;137;281;0;0;0;0;0;230;0;230;0;0;0;0;0;0;0;0;50;50;50;50;7072;8166.7;1920;1668.64;5.28952104792014e-006
295;0;144;295;0;0;0;0;0;244;0;244;0;0;0;0;0;0;0;0;50;50;50;50;7880;8620.88;1920;1758.92;3.389728282463682e-006
298;0;185;298;0;0;0;0;0;271;0;271;0;0;0;0;0;0;0;0;50;50;50;50;8688;9348.92;1920;1913.36;1.398089633610773e-007
299;0;125;299;0;0;0;0;0;312;0;312;0;0;0;0;0;0;0;0;50;50;50;50;9496;9504.49;1920;1919.28;4.341985357850401e-008
300;0;30;300;0;0;0;0;0;398;0;398;0;0;0;0;0;0;0;0;50;50;50;50;10304;10041.5;1920;1983.68;-0.01343275272483559
300;0;82;300;0;0;0;0;0;400;0;400;0;0;0;0;0;0;0;0;50;50;50;50;11112;10451.8;1920;2081.95;-0.03408028766025853
300;0;137;300;0;0;0;0;0;400;0;400;0;0;0;0;0;0;0;0;50;50;50;50;11920;10855.9;1920;2180.21;-0.05475702971872583
300;0;192;300;0;0;0;0;0;400;0;400;0;0;0;0;0;0;0;0;50;50;50;50;12728;11259.9;1920;2278.46;-0.07543377177719307
300;0;200;300;0;0;49;0;0;398;1;398;0;0;0;0;0;0;0;0;50;50;50;50;13536;11657.6;1920;2376.7;-0.09610668931857069
300;0;200;300;0;0;102;0;0;400;0;400;0;0;0;0;0;0;0;0;50;50;50;50;14344;12068;1920;2474.98;-0.1167872558941276
300;0;200;300;0;0;160;0;0;398;0;398;0;0;0;0;0;0;0;0;50;50;50;50;15152;12465.7;1920;2573.21;-0.1374601734355052
300;0;200;300;0;0;196;0;0;400;1;400;0;0;0;0;0;0;0;0;50;50;50;50;15960;12765.9;1920;2696.64;-0.1634335649562205
300;0;199;300;0;0;230;0;0;400;1;400;0;0;0;0;0;0;0;0;50;50;50;50;16768;13008.3;1920;2830.73;-0.1923611785042034
300;0;200;300;0;0;264;0;0;400;0;400;0;0;0;0;0;0;0;0;50;50;50;50;17576;13258.1;1920;2968.88;-0.2209224670254008
300;0;200;300;0;0;297;0;0;400;1;400;0;0;0;0;0;0;0;0;50;50;50;50;18384;13507.8;1920;3107.03;-0.2497953162265192
300;0;198;300;0;0;332;0;0;400;1;400;0;0;0;0;0;0;0;0;50;50;50;50;19192;13750.3;1920;3241.12;-0.2784208395009387
300;0;17;300;0;0;0;0;0;400;548;400;0;0;0;0;0;0;0;0;50;50;50;50;20000;14000;1920;3379.27;-0.307084815255463
0;0;0;0;0;0;0;0;0;0;0;0;0;0;0;0;0;0;0;0;50;50;50;50;-200;-199.9999999999972;2240;2.813749233609997e-012;2.35665439242504e-009
147;0;194;147;0;0;0;0;0;3;0;3;0;0;0;0;0;200;0;200;50;50;50;50;608;5848.71;2240;1324.84;1.92586e-005
55;0;200;55;0;0;0;0;0;62;0;62;0;0;0;0;0;0;0;0;50;50;50;50;1416;2950.82;2240;1002.17;7.853622556252129e-006
61;0;200;61;0;0;0;0;0;73;0;73;0;0;0;0;0;0;0;0;50;50;50;50;2224;3194.37;2240;1026.26;4.965831701202259e-006
69;0;200;69;0;0;1;0;0;82;0;82;0;0;0;0;0;0;0;0;50;50;50;50;3032;3446.06;2240;1057.87;2.119606974400323e-006
123;0;200;123;0;0;111;0;0;153;0;153;0;0;0;0;0;0;0;0;50;50;50;50;3840;6048.84;2240;1699.06;1.13013e-005
136;0;0;136;0;0;0;0;0;166;321;166;0;0;0;0;0;0;0;0;50;50;50;50;4648;6496.29;2240;1783.15;9.456594350627847e-006
260;0;0;260;0;0;0;0;0;206;190;206;0;0;0;0;0;0;0;0;50;50;50;50;5456;7909.34;2240;1638.6;1.25522e-005
282;0;0;282;0;0;0;0;0;209;201;209;0;0;0;0;0;0;0;0;50;50;50;50;6264;8353.46;2240;1729.38;1.06905e-005
300;0;0;300;0;0;0;0;0;342;0;342;0;0;0;0;0;1;0;1;50;50;50;50;7072;9038.66;2240;1862.39;7.94646102622203e-006
122;0;0;122;0;0;0;0;0;354;334;354;0;0;0;0;0;0;0;0;50;50;50;50;7880;9055.26;2240;1952.01;6.013088573032272e-006
300;0;185;300;0;0;0;0;0;279;0;279;0;0;0;0;0;0;0;0;50;50;50;50;8688;9491.59;2240;1940.61;4.11158524879867e-006
300;0;0;300;0;0;0;0;0;327;94;327;0;0;0;0;0;0;0;0;50;50;50;50;9496;9504.17;2240;1907.1;4.21692668612675e-008
300;0;180;300;0;0;0;0;0;341;0;341;0;0;0;0;0;0;0;0;50;50;50;50;10304;10334.6;2240;2098.38;1.566583522506551e-007
300;0;162;300;0;0;0;0;0;400;9;400;0;0;0;0;0;0;0;0;50;50;50;50;11112;11105.6;2240;2240.95;-0.0003253633463320866
300;0;200;300;0;0;26;0;0;400;0;400;0;0;0;0;0;0;0;0;50;50;50;50;11920;11509.7;2240;2339.2;-0.02099363030615847
300;0;200;300;0;0;81;0;0;400;0;400;0;0;0;0;0;0;0;0;50;50;50;50;12728;11913.7;2240;2437.46;-0.04166189726598357
300;0;200;300;0;0;136;0;0;400;0;400;0;0;0;0;0;0;0;0;50;50;50;50;13536;12317.8;2240;2535.72;-0.0623301642258108
300;0;198;300;0;0;185;0;0;400;1;400;0;0;0;0;0;0;0;0;50;50;50;50;14344;12670.4;2240;2643.82;-0.08562940203545565
300;0;200;300;0;0;218;0;0;400;0;400;0;0;0;0;0;0;0;0;50;50;50;50;15152;12920.1;2240;2781.97;-0.1141906905566532
300;0;199;300;0;0;252;0;0;400;1;400;0;0;0;0;0;0;0;0;50;50;50;50;15960;13169.9;2240;2920.12;-0.1431225156234853
300;0;199;300;0;0;286;0;0;400;0;400;0;0;0;0;0;0;0;0;50;50;50;50;16768;13412.3;2240;3054.21;-0.1716890630321911
300;0;196;300;0;0;319;0;0;400;4;400;0;0;0;0;0;0;0;0;50;50;50;50;17576;13662.1;2240;3192.36;-0.2004120146524292
300;0;200;300;0;0;352;0;0;400;0;400;0;0;0;0;0;0;0;0;50;50;50;50;18384;13904.5;2240;3326.45;-0.2291874355077291
300;0;200;300;0;0;386;0;0;400;0;400;0;0;0;0;0;0;0;0;50;50;50;50;19192;14154.3;2240;3464.6;-0.2577487240289265
300;0;71;300;0;0;0;0;0;400;548;400;0;0;0;0;0;0;0;0;50;50;50;50;20000;14396.7;2240;3598.69;-0.2866858079832677
0;0;0;0;0;0;0;0;0;0;0;0;0;0;0;0;0;0;0;0;50;50;50;50;-200;-199.9999999999972;2560;2.813749233609997e-012;2.693319305628617e-009
147;0;194;147;0;0;0;0;0;3;0;3;0;0;0;0;0;200;0;200;50;50;50;50;608;5848.71;2560;1324.84;2.59923e-005
210;0;0;210;0;0;0;0;0;131;31;131;0;0;0;0;0;0;1;0;50;50;50;50;1416;4954.5;2560;1011.35;1.8105e-005
76;0;200;76;0;0;0;0;0;85;0;85;0;0;0;0;0;0;0;0;50;50;50;50;2224;3583.33;2560;1073.98;6.956081476871459e-006
81;0;200;81;0;0;0;0;0;100;0;100;0;0;0;0;0;0;0;0;50;50;50;50;3032;3869.07;2560;1098.76;4.28407663199411e-006
90;0;200;90;0;0;0;0;0;115;0;115;0;0;0;0;0;0;0;0;50;50;50;50;3840;4213.12;2560;1133.68;1.910417360503079e-006
277;0;0;277;0;0;0;0;0;206;198;206;0;0;0;0;0;0;0;0;50;50;50;50;4648;8215.95;2560;1701.62;1.80635e-005
298;0;0;298;0;0;0;0;0;226;133;226;0;0;0;0;0;0;0;0;50;50;50;50;5456;8328.4;2560;1699.47;1.46965e-005
1;0;0;1;0;0;0;0;0;359;444;359;0;0;0;0;0;0;0;0;50;50;50;50;6264;8170.2;2560;2096.04;9.763432575093427e-006
300;0;0;300;0;0;0;0;0;342;0;342;0;0;0;0;0;1;0;1;50;50;50;50;7072;9038.66;2560;1862.39;1.00624e-005
142;0;0;142;0;0;0;0;0;389;343;389;0;0;0;0;0;0;0;0;50;50;50;50;7880;9909.58;2560;2067.53;1.03841e-005
300;0;0;300;0;0;126;0;0;254;0;254;0;0;0;0;0;0;0;0;50;50;50;50;8688;8703.44;2560;1767.98;7.980952740467739e-008
300;0;0;300;0;0;0;0;0;327;94;327;0;0;0;0;0;0;0;0;50;50;50;50;9496;9504.17;2560;1907.1;4.250593177447107e-008
300;0;180;300;0;0;0;0;0;341;0;341;0;0;0;0;0;0;0;0;50;50;50;50;10304;10334.6;2560;2098.38;1.569950171638587e-007
300;0;0;300;0;0;186;0;0;317;147;317;0;0;0;0;0;0;0;0;50;50;50;50;11112;11118;2560;2369.68;3.094567854308517e-008
300;0;200;300;0;0;0;0;0;400;82;400;0;0;0;0;0;0;0;0;50;50;50;50;11920;11921.1;2560;2439.25;5.56220182756114e-009
300;0;200;300;0;0;171;0;0;400;0;400;0;0;0;0;0;0;0;0;50;50;50;50;12728;12574.9;2560;2598.24;-0.00804774354079005
300;0;199;300;0;0;206;0;0;400;0;400;0;0;0;0;0;0;0;0;50;50;50;50;13536;12824.6;2560;2729.15;-0.03639599804224626
300;0;200;300;0;0;239;0;0;400;0;400;0;0;0;0;0;0;0;0;50;50;50;50;14344;13074.4;2560;2867.3;-0.06495728656344352
300;0;200;300;0;0;273;0;0;400;0;400;0;0;0;0;0;0;0;0;50;50;50;50;15152;13324.2;2560;3005.45;-0.09373921404939531
300;0;198;300;0;0;307;0;0;400;1;400;0;0;0;0;0;0;0;0;50;50;50;50;15960;13566.6;2560;3139.54;-0.1224556590389815
300;0;200;300;0;0;339;0;0;400;1;400;0;0;0;0;0;0;0;0;50;50;50;50;16768;13816.4;2560;3277.69;-0.1510287130783393
300;0;200;300;0;0;373;0;0;400;0;400;0;0;0;0;0;0;0;0;50;50;50;50;17576;14058.8;2560;3411.78;-0.1799540315145195
300;0;200;300;0;0;407;0;0;400;0;400;0;0;0;0;0;0;0;0;50;50;50;50;18384;14308.6;2560;3549.93;-0.2085153200357168
300;0;200;300;0;0;439;0;0;400;2;400;0;0;0;0;0;0;0;0;50;50;50;50;19192;14558.3;2560;3688.09;-0.2373904643486379
300;0;127;300;0;0;1;0;0;400;546;400;0;0;0;0;0;0;0;0;50;50;50;50;20000;14800.7;2560;3822.17;-0.2660136925112552
0;0;0;0;0;0;0;0;0;0;0;0;0;0;0;0;0;0;0;0;50;50;50;50;-200;-199.9999999999972;2880;2.813749233609997e-012;3.029984218832194e-009
158;0;200;158;0;0;4;0;0;219;0;219;0;0;0;0;0;0;0;0;50;50;50;50;608;6709.57;2880;1406.28;3.10125e-005
167;0;0;167;0;0;0;0;0;93;30;93;0;0;0;0;0;0;1;0;50;50;50;50;1416;3781.05;2880;784.133;1.21021e-005
86;0;200;86;0;0;0;0;0;110;0;110;0;0;0;0;0;0;0;0;50;50;50;50;2224;4083.85;2880;1119.5;9.517109597244841e-006
198;0;0;198;0;0;0;0;0;256;234;256;0;0;0;0;0;0;0;0;50;50;50;50;3032;8038.12;2880;1673.93;2.53802e-005
90;0;200;90;0;0;0;0;0;119;0;119;0;0;0;0;0;0;0;0;50;50;50;50;3840;4269.87;2880;1136.91;2.201126428935385e-006
233;0;0;233;0;0;123;0;0;157;0;157;0;0;0;0;0;0;0;0;50;50;50;50;4648;6328.24;2880;1309.76;8.597963223916733e-006
230;0;0;230;0;0;0;0;0;178;360;178;0;0;0;0;0;0;0;0;50;50;50;50;5456;8323.51;2880;2189.76;1.45252e-005
16;0;0;16;0;0;0;0;0;368;478;368;0;0;0;0;0;0;0;0;50;50;50;50;6264;8766.36;2880;2279.5;1.26367e-005
300;0;0;300;0;0;0;0;0;342;0;342;0;0;0;0;0;1;0;1;50;50;50;50;7072;9038.66;2880;1862.39;1.00628e-005
162;0;0;162;0;0;0;0;0;396;337;396;0;0;0;0;0;0;0;0;50;50;50;50;7880;10256.4;2880;2131.18;1.21588e-005
298;0;176;298;0;0;0;0;0;282;0;282;0;0;0;0;0;0;0;0;50;50;50;50;8688;9438.88;2880;1926.86;3.842622397277723e-006
300;0;0;300;0;0;0;0;0;327;94;327;0;0;0;0;0;0;0;0;50;50;50;50;9496;9504.17;2880;1907.1;4.284259668767465e-008
300;0;180;300;0;0;0;0;0;341;0;341;0;0;0;0;0;0;0;0;50;50;50;50;10304;10334.6;2880;2098.38;1.573316820770622e-007
299;0;200;299;0;0;167;0;0;329;0;329;0;0;0;0;0;0;0;0;50;50;50;50;11112;11523.5;2880;2514.97;2.105517633339346e-006
300;0;0;300;0;0;460;0;0;308;0;308;0;0;0;0;0;0;0;0;50;50;50;50;11920;11923.3;2880;2878.47;1.671311165106829e-008
300;0;200;300;0;0;247;0;0;372;0;372;0;0;0;0;0;0;0;0;50;50;50;50;12728;12735.9;2880;2877.23;4.030418006356672e-008
300;0;199;300;0;0;260;0;0;400;1;400;0;0;0;0;0;0;0;0;50;50;50;50;13536;13228.7;2880;2952.63;-0.01572388257023387
300;0;200;300;0;0;294;0;0;400;0;400;0;0;0;0;0;0;0;0;50;50;50;50;14344;13478.4;2880;3090.78;-0.04435591247530543
300;0;200;300;0;0;327;0;0;400;0;400;0;0;0;0;0;0;0;0;50;50;50;50;15152;13720.9;2880;3224.87;-0.07322225504577194
300;0;200;300;0;0;361;0;0;400;0;400;0;0;0;0;0;0;0;0;50;50;50;50;15960;13970.6;2880;3363.02;-0.1017835435669692
300;0;200;300;0;0;394;0;0;400;1;400;0;0;0;0;0;0;0;0;50;50;50;50;16768;14220.4;2880;3501.17;-0.1307176637456041
300;0;200;300;0;0;428;0;0;400;0;400;0;0;0;0;0;0;0;0;50;50;50;50;17576;14462.8;2880;3635.26;-0.1592819160425073
300;0;200;300;0;0;462;0;0;400;0;400;0;0;0;0;0;0;0;0;50;50;50;50;18384;14712.6;2880;3773.41;-0.188007162774548
300;0;200;300;0;0;495;0;0;400;0;400;0;0;0;0;0;0;0;0;50;50;50;50;19192;14955;2880;3907.5;-0.2167802885180453
300;0;180;300;0;0;1;0;0;400;548;400;0;0;0;0;0;0;0;0;50;50;50;50;20000;15204.8;2880;4045.66;-0.2453415770392431
0;0;0;0;0;0;0;0;0;0;0;0;0;0;0;0;0;0;0;0;50;50;50;50;-200;-199.9999999999972;3200;2.813749233609997e-012;3.366649132035771e-009
149;0;195;149;0;0;0;0;0;6;0;6;0;0;0;0;0;195;0;195;50;50;50;50;608;5866.83;3200;1332.37;2.69068e-005
167;0;0;167;0;0;0;0;0;93;30;93;0;0;0;0;0;0;1;0;50;50;50;50;1416;3781.05;3200;784.133;1.21025e-005
92;0;200;92;0;0;0;0;0;108;0;108;0;0;0;0;0;0;0;0;50;50;50;50;2224;4142.95;3200;1133.11;9.81977842047797e-006
214;0;0;214;0;0;0;0;0;266;254;266;0;0;0;0;0;0;0;0;50;50;50;50;3032;8560.2;3200;1789.4;2.82845e-005
109;0;0;109;0;0;0;0;0;265;405;265;0;0;0;0;0;0;0;0;50;50;50;50;3840;8124.47;3200;2135.78;2.1921e-005
233;0;0;233;0;0;123;0;0;157;0;157;0;0;0;0;0;0;0;0;50;50;50;50;4648;6328.24;3200;1309.76;8.598299888829936e-006
246;0;0;246;0;0;0;0;0;205;378;205;0;0;0;0;0;0;0;0;50;50;50;50;5456;9072.12;3200;2325.25;1.84079e-005
0;0;0;0;0;0;0;0;0;398;433;398;0;0;0;0;0;0;0;0;50;50;50;50;6264;8628.19;3200;2080.24;1.20967e-005
300;0;0;300;0;0;0;0;0;342;0;342;0;0;0;0;0;1;0;1;50;50;50;50;7072;9038.66;3200;1862.39;1.00631e-005
147;0;0;147;0;0;0;0;0;400;353;400;0;0;0;0;0;0;0;0;50;50;50;50;7880;10212;3200;2129.71;1.19321e-005
300;0;186;300;0;0;0;0;0;295;0;295;0;0;0;0;0;0;0;0;50;50;50;50;8688;9725.96;3200;1985.42;5.311635103946169e-006
300;0;0;300;0;0;0;0;0;327;94;327;0;0;0;0;0;0;0;0;50;50;50;50;9496;9504.17;3200;1907.1;4.317926160579804e-008
300;0;180;300;0;0;0;0;0;341;0;341;0;0;0;0;0;0;0;0;50;50;50;50;10304;10334.6;3200;2098.38;1.576683469902658e-007
300;0;200;300;0;0;0;0;0;335;186;335;0;0;0;0;0;0;0;0;50;50;50;50;11112;11762.8;3200;2599.55;3.330010619864816e-006
300;0;200;300;0;0;82;0;0;400;0;400;0;0;0;0;0;0;0;0;50;50;50;50;11920;11921.1;3200;2439.25;6.235531653969987e-009
298;0;200;298;0;0;318;0;0;353;0;353;0;0;0;0;0;0;0;0;50;50;50;50;12728;12958.7;3200;3145.34;1.150286366373858e-006
300;0;200;300;0;0;304;0;0;400;0;400;0;0;0;0;0;0;0;0;50;50;50;50;13536;13551.9;3200;3131.41;8.144831372029085e-008
300;0;200;300;0;0;348;0;0;400;0;400;0;0;0;0;0;0;0;0;50;50;50;50;14344;13875.1;3200;3310.2;-0.02398885105256227
300;0;199;300;0;0;383;0;0;400;0;400;0;0;0;0;0;0;0;0;50;50;50;50;15152;14124.9;3200;3448.35;-0.05255013957375972
300;0;198;300;0;0;416;0;0;400;2;400;0;0;0;0;0;0;0;0;50;50;50;50;15960;14374.7;3200;3586.5;-0.08133436217151409
300;0;200;300;0;0;449;0;0;400;0;400;0;0;0;0;0;0;0;0;50;50;50;50;16768;14617.1;3200;3720.59;-0.1100485120492977
300;0;200;300;0;0;482;0;0;400;1;400;0;0;0;0;0;0;0;0;50;50;50;50;17576;14866.9;3200;3858.74;-0.138623861200458
300;0;200;300;0;0;500;0;0;400;16;400;0;0;0;0;0;0;0;0;50;50;50;50;18384;15109.3;3200;3992.83;-0.1675468845248357
300;0;200;300;0;0;500;0;0;400;50;400;0;0;0;0;0;0;0;0;50;50;50;50;19192;15359.1;3200;4130.99;-0.196108173046033
300;0;199;300;0;0;37;0;0;400;548;400;0;0;0;0;0;0;0;0;50;50;50;50;20000;15608.8;3200;4269.14;-0.2249856124707567
0;0;0;0;0;0;0;0;0;0;0;0;0;0;0;0;0;0;0;0;50;50;50;50;-200;-199.9999999999972;3520;2.813749233609997e-012;3.703314045239348e-009
102;0;0;102;0;0;417;0;0;144;0;144;0;0;0;0;0;0;0;0;50;50;50;50;608;6393.67;3520;2069.24;2.96018e-005
167;0;0;167;0;0;0;0;0;93;30;93;0;0;0;0;0;0;1;0;50;50;50;50;1416;3781.05;3520;784.133;1.21028e-005
91;0;200;91;0;0;0;0;0;116;0;116;0;0;0;0;0;0;0;0;50;50;50;50;2224;4241.89;3520;1137.03;1.03263e-005
12;0;0;12;0;0;0;0;0;299;92;299;0;0;0;0;0;0;0;0;50;50;50;50;3032;4893.38;3520;1239.8;9.525436415436183e-006
94;0;200;94;0;0;0;0;0;120;0;120;0;0;0;0;0;0;0;0;50;50;50;50;3840;4342.38;3520;1147.86;2.572738433027884e-006
233;0;0;233;0;0;123;0;0;157;0;157;0;0;0;0;0;0;0;0;50;50;50;50;4648;6328.24;3520;1309.76;8.59863655374314e-006
264;0;0;264;0;0;0;0;0;205;412;205;0;0;0;0;0;0;0;0;50;50;50;50;5456;9584.31;3520;2509.07;2.1122e-005
0;0;0;0;0;0;0;0;0;400;448;400;0;0;0;0;0;0;0;0;50;50;50;50;6264;8766.76;3520;2142.81;1.28059e-005
300;0;0;300;0;0;0;0;0;342;0;342;0;0;0;0;0;1;0;1;50;50;50;50;7072;9038.66;3520;1862.39;1.00635e-005
127;0;0;127;0;0;0;0;0;400;344;400;0;0;0;0;0;0;0;0;50;50;50;50;7880;9854.32;3520;2054.12;1.01024e-005
300;0;183;300;0;0;0;0;0;275;0;275;0;0;0;0;0;0;0;0;50;50;50;50;8688;9420.14;3520;1926.28;3.747403550614199e-006
300;0;0;300;0;0;0;0;0;327;94;327;0;0;0;0;0;0;0;0;50;50;50;50;9496;9504.17;3520;1907.1;4.351592651408181e-008
300;0;180;300;0;0;0;0;0;341;0;341;0;0;0;0;0;0;0;0;50;50;50;50;10304;10334.6;3520;2098.38;1.580050119034592e-007
300;0;200;300;0;0;187;0;0;336;0;336;0;0;0;0;0;0;0;0;50;50;50;50;11112;11784.3;3520;2604.42;3.440519928972119e-006
299;0;200;299;0;0;330;0;0;274;0;274;0;0;0;0;0;0;0;0;50;50;50;50;11920;11940.5;3520;3132.95;1.052026502214681e-007
297;0;199;297;0;0;398;0;0;297;0;297;0;0;0;0;0;0;0;0;50;50;50;50;12728;12729.9;3520;3418.66;9.667261016234298e-009
300;0;200;300;0;0;402;0;0;368;0;368;0;0;0;0;0;0;0;0;50;50;50;50;13536;13817.8;3520;3503.82;3.405225511766332e-007
300;0;200;300;0;0;403;0;0;400;0;400;0;0;0;0;0;0;0;0;50;50;50;50;14344;14279.2;3520;3533.68;-0.003316735580550077
300;0;137;300;0;0;500;0;0;400;0;400;0;0;0;0;0;0;0;0;50;50;50;50;15152;14528.9;3520;3671.83;-0.03195106059742422
300;0;194;300;0;0;471;0;0;400;5;400;0;0;0;0;0;0;0;0;50;50;50;50;15960;14771.4;3520;3805.92;-0.06081510805608809
300;0;200;300;0;0;500;0;0;400;4;400;0;0;0;0;0;0;0;0;50;50;50;50;16768;15021.1;3520;3944.07;-0.08937639657728531
300;0;200;300;0;0;500;0;0;400;38;400;0;0;0;0;0;0;0;0;50;50;50;50;17576;15270.9;3520;4082.23;-0.1183128118677229
300;0;200;300;0;0;499;0;0;400;72;400;0;0;0;0;0;0;0;0;50;50;50;50;18384;15513.3;3520;4216.31;-0.1468747690528234
300;0;200;300;0;0;500;0;0;400;105;400;0;0;0;0;0;0;0;0;50;50;50;50;19192;15763.1;3520;4354.47;-0.1756023108966666
300;0;200;300;0;0;90;0;0;400;548;400;0;0;0;0;0;0;0;0;50;50;50;50;20000;16005.5;3520;4488.56;-0.204373141528362
0;0;0;0;0;0;0;0;0;0;0;0;0;0;0;0;0;0;0;0;50;50;50;50;-200;-199.9999999999972;3840;2.813749233609997e-012;4.039978958442925e-009
159;0;0;159;0;0;0;0;0;214;369;214;0;0;0;0;0;0;0;0;50;50;50;50;608;7865.31;3840;2075.23;3.71372e-005
167;0;0;167;0;0;0;0;0;93;30;93;0;0;0;0;0;0;1;0;50;50;50;50;1416;3781.05;3840;784.133;1.21031e-005
90;0;200;90;0;0;0;0;0;125;0;125;0;0;0;0;0;0;0;0;50;50;50;50;2224;4355.01;3840;1141.74;1.09054e-005
250;0;0;250;0;0;0;0;0;322;294;322;0;0;0;0;0;0;0;0;50;50;50;50;3032;10173.5;3840;2107.63;3.65386e-005
90;0;200;90;0;0;0;0;0;121;0;121;0;0;0;0;0;0;0;0;50;50;50;50;3840;4298.25;3840;1138.52;2.347322625434545e-006
233;0;0;233;0;0;123;0;0;157;0;157;0;0;0;0;0;0;0;0;50;50;50;50;4648;6328.24;3840;1309.76;8.598973218656344e-006
280;0;0;280;0;0;0;0;0;238;426;238;0;0;0;0;0;0;0;0;50;50;50;50;5456;10388.7;3840;2633.15;2.52374e-005
0;0;0;0;0;0;0;0;0;400;434;400;0;0;0;0;0;0;0;0;50;50;50;50;6264;8663.92;3840;2085.92;1.22801e-005
300;0;0;300;0;0;0;0;0;342;0;342;0;0;0;0;0;1;0;1;50;50;50;50;7072;9038.66;3840;1862.39;1.00638e-005
131;0;0;131;0;0;0;0;0;400;346;400;0;0;0;0;0;0;0;0;50;50;50;50;7880;9927.33;3840;2069.16;1.04763e-005
299;0;161;299;0;0;0;0;0;272;0;272;0;0;0;0;0;0;0;0;50;50;50;50;8688;9201.38;3840;1876.04;2.628578157021867e-006
300;0;0;300;0;0;0;0;0;327;94;327;0;0;0;0;0;0;0;0;50;50;50;50;9496;9504.17;3840;1907.1;4.385259142728538e-008
300;0;180;300;0;0;0;0;0;341;0;341;0;0;0;0;0;0;0;0;50;50;50;50;10304;10334.6;3840;2098.38;1.58341676816673e-007
300;0;200;300;0;0;0;0;0;335;186;335;0;0;0;0;0;0;0;0;50;50;50;50;11112;11762.8;3840;2599.55;3.330683949691224e-006
300;0;200;300;0;0;82;0;0;400;0;400;0;0;0;0;0;0;0;0;50;50;50;50;11920;11921.1;3840;2439.25;6.908861480377142e-009
297;0;199;297;0;0;398;0;0;297;0;297;0;0;0;0;0;0;0;0;50;50;50;50;12728;12729.9;3840;3418.66;1.000392592943788e-008
300;0;185;300;0;0;500;0;0;347;0;347;0;0;0;0;0;0;0;0;50;50;50;50;13536;14129.5;3840;3824.15;3.337565689553598e-007
300;0;200;300;0;0;455;0;0;379;0;379;0;0;0;0;0;0;0;0;50;50;50;50;14344;14363.2;3840;3728.04;9.834424072800879e-008
300;0;200;300;0;0;491;0;0;400;0;400;0;0;0;0;0;0;0;0;50;50;50;50;15152;14925.6;3840;3891.25;-0.01158170406287861
300;0;200;300;0;0;499;0;0;400;26;400;0;0;0;0;0;0;0;0;50;50;50;50;15960;15175.4;3840;4029.4;-0.04014299258407578
300;0;200;300;0;0;500;0;0;400;59;400;0;0;0;0;0;0;0;0;50;50;50;50;16768;15425.2;3840;4167.55;-0.06892951029363299
300;0;200;300;0;0;499;0;0;400;93;400;0;0;0;0;0;0;0;0;50;50;50;50;17576;15667.6;3840;4301.64;-0.09764136505961382
300;0;200;300;0;0;500;0;0;400;126;400;0;0;0;0;0;0;0;0;50;50;50;50;18384;15917.4;3840;4439.8;-0.1262190093225769
300;0;200;300;0;0;500;0;0;400;159;400;0;0;0;0;0;0;0;0;50;50;50;50;19192;16159.8;3840;4573.88;-0.155139737535152
300;0;200;300;0;0;145;0;0;400;548;400;0;0;0;0;0;0;0;0;50;50;50;50;20000;16409.6;3840;4712.04;-0.1837010260563498
0;0;0;0;0;0;0;0;0;0;0;0;0;0;0;0;0;0;0;0;50;50;50;50;-200;-199.9999999999972;4160;2.813749233609997e-012;4.376643871646503e-009
175;0;0;175;0;0;0;0;0;233;392;233;0;0;0;0;0;0;0;0;50;50;50;50;608;8537.14;4160;2224.59;4.05685e-005
167;0;0;167;0;0;0;0;0;93;30;93;0;0;0;0;0;0;1;0;50;50;50;50;1416;3781.05;4160;784.133;1.21035e-005
91;0;200;91;0;0;0;0;0;120;0;120;0;0;0;0;0;0;0;0;50;50;50;50;2224;4298.64;4160;1140.25;1.06173e-005
94;0;200;94;0;0;0;0;0;124;0;124;0;0;0;0;0;0;0;0;50;50;50;50;3032;4399.14;4160;1151.09;6.997617491180269e-006
96;0;200;96;0;0;0;0;0;124;0;124;0;0;0;0;0;0;0;0;50;50;50;50;3840;4428.3;4160;1156.16;3.012956953066552e-006
233;0;0;233;0;0;123;0;0;157;0;157;0;0;0;0;0;0;0;0;50;50;50;50;4648;6328.24;4160;1309.76;8.599309883569548e-006
295;0;0;295;0;0;0;0;0;251;456;251;0;0;0;0;0;0;0;0;50;50;50;50;5456;11012.2;4160;2803.58;2.84277e-005
0;0;0;0;0;0;0;0;0;400;427;400;0;0;0;0;0;0;0;0;50;50;50;50;6264;8612.49;4160;2057.48;1.20174e-005
300;0;0;300;0;0;0;0;0;342;0;342;0;0;0;0;0;1;0;1;50;50;50;50;7072;9038.66;4160;1862.39;1.00641e-005
131;0;0;131;0;0;0;0;0;400;346;400;0;0;0;0;0;0;0;0;50;50;50;50;7880;9927.33;4160;2069.16;1.04766e-005
299;0;161;299;0;0;0;0;0;272;0;272;0;0;0;0;0;0;0;0;50;50;50;50;8688;9201.38;4160;1876.04;2.628914821935071e-006
300;0;0;300;0;0;0;0;0;327;94;327;0;0;0;0;0;0;0;0;50;50;50;50;9496;9504.17;4160;1907.1;4.418925634048896e-008
185;0;200;185;0;0;349;0;0;400;0;400;0;0;0;0;0;0;0;0;50;50;50;50;10304;12205.9;4160;3022.52;9.731435821975492e-006
160;0;200;160;0;0;268;0;0;253;363;253;0;0;0;0;0;0;0;0;50;50;50;50;11112;11827.2;4160;3986.45;3.659188048817546e-006
161;0;200;161;0;0;500;0;0;297;132;297;0;0;0;0;0;0;0;0;50;50;50;50;11920;12473.4;4160;4028.52;2.831617099381717e-006
297;0;199;297;0;0;398;0;0;297;0;297;0;0;0;0;0;0;0;0;50;50;50;50;12728;12729.9;4160;3418.66;1.034059084264145e-008
300;0;18;300;0;0;0;0;0;374;548;374;0;0;0;0;0;0;0;0;50;50;50;50;13536;13638.4;4160;3362.38;5.249693710740556e-007
300;0;200;300;0;0;455;0;0;379;0;379;0;0;0;0;0;0;0;0;50;50;50;50;14344;14363.2;4160;3728.04;9.868090564121237e-008
299;0;200;299;0;0;500;0;0;400;26;400;0;0;0;0;0;0;0;0;50;50;50;50;15152;15168.2;4160;4030.93;8.286388128031385e-008
300;0;200;300;0;0;500;0;0;400;80;400;0;0;0;0;0;0;0;0;50;50;50;50;15960;15579.4;4160;4252.88;-0.019546208719543
300;0;200;300;0;0;500;0;0;400;113;400;0;0;0;0;0;0;0;0;50;50;50;50;16768;15821.9;4160;4386.97;-0.04840796106640421
300;0;200;300;0;0;499;0;0;400;148;400;0;0;0;0;0;0;0;0;50;50;50;50;17576;16071.6;4160;4525.13;-0.0769692495876016
300;0;200;300;0;0;500;0;0;400;180;400;0;0;0;0;0;0;0;0;50;50;50;50;18384;16314.1;4160;4659.21;-0.1059063335419422
300;0;200;300;0;0;499;0;0;400;215;400;0;0;0;0;0;0;0;0;50;50;50;50;19192;16563.8;4160;4797.37;-0.1344676220631396
300;0;199;300;0;0;201;0;0;400;548;400;0;0;0;0;0;0;0;0;50;50;50;50;20000;16813.6;4160;4935.52;-0.1631974590187854
0;0;0;0;0;0;0;0;0;0;0;0;0;0;0;0;0;0;0;0;50;50;50;50;-200;-199.9999999999972;4480;2.813749233609997e-012;4.71330878485008e-009
102;0;82;102;0;0;9;0;0;144;0;144;0;0;0;0;0;0;0;0;50;50;50;50;608;3998.83;4480;842.137;1.73517e-005
167;0;0;167;0;0;0;0;0;93;30;93;0;0;0;0;0;0;1;0;50;50;50;50;1416;3781.05;4480;784.133;1.21038e-005
94;0;200;94;0;0;0;0;0;125;0;125;0;0;0;0;0;0;0;0;50;50;50;50;2224;4413.33;4480;1151.89;1.12044e-005
0;0;0;0;0;0;0;0;0;367;133;367;0;0;0;0;0;0;0;0;50;50;50;50;3032;5984.48;4480;1523.05;1.51084e-005
90;0;200;90;0;0;0;0;0;121;0;121;0;0;0;0;0;0;0;0;50;50;50;50;3840;4298.25;4480;1138.52;2.347995955260952e-006
233;0;0;233;0;0;123;0;0;157;0;157;0;0;0;0;0;0;0;0;50;50;50;50;4648;6328.24;4480;1309.76;8.59964654848275e-006
172;0;0;172;0;0;0;0;0;142;264;142;0;0;0;0;0;0;0;0;50;50;50;50;5456;6261.87;4480;1623.52;4.125959450658968e-006
0;0;0;0;0;0;0;0;0;400;427;400;0;0;0;0;0;0;0;0;50;50;50;50;6264;8612.49;4480;2057.48;1.20178e-005
300;0;0;300;0;0;0;0;0;342;0;342;0;0;0;0;0;1;0;1;50;50;50;50;7072;9038.66;4480;1862.39;1.00645e-005
131;0;0;131;0;0;0;0;0;400;346;400;0;0;0;0;0;0;0;0;50;50;50;50;7880;9927.33;4480;2069.16;1.0477e-005
299;0;161;299;0;0;0;0;0;272;0;272;0;0;0;0;0;0;0;0;50;50;50;50;8688;9201.38;4480;1876.04;2.629251486848274e-006
300;0;0;300;0;0;0;0;0;327;94;327;0;0;0;0;0;0;0;0;50;50;50;50;9496;9504.17;4480;1907.1;4.452592125369254e-008
300;0;180;300;0;0;0;0;0;341;0;341;0;0;0;0;0;0;0;0;50;50;50;50;10304;10334.6;4480;2098.38;1.590150066430801e-007
300;0;0;300;0;0;0;0;0;338;385;338;0;0;0;0;0;0;0;0;50;50;50;50;11112;11798;4480;2597.9;3.511557038842631e-006
299;0;200;299;0;0;330;0;0;274;0;274;0;0;0;0;0;0;0;0;50;50;50;50;11920;11940.5;4480;3132.95;1.062126449610788e-007
297;0;199;297;0;0;398;0;0;297;0;297;0;0;0;0;0;0;0;0;50;50;50;50;12728;12729.9;4480;3418.66;1.067725575584503e-008
300;0;18;300;0;0;0;0;0;374;548;374;0;0;0;0;0;0;0;0;50;50;50;50;13536;13638.4;4480;3362.38;5.253060359872592e-007
300;0;200;300;0;0;455;0;0;379;0;379;0;0;0;0;0;0;0;0;50;50;50;50;14344;14363.2;4480;3728.04;9.901757055441595e-008
299;0;200;299;0;0;500;0;0;400;26;400;0;0;0;0;0;0;0;0;50;50;50;50;15152;15168.2;4480;4030.93;8.320054619351532e-008
300;0;200;300;0;0;500;0;0;400;133;400;0;0;0;0;0;0;0;0;50;50;50;50;15960;15968.8;4480;4468.24;4.496474936627433e-008
300;0;200;300;0;0;500;0;0;400;168;400;0;0;0;0;0;0;0;0;50;50;50;50;16768;16225.9;4480;4610.45;-0.02773584559439196
300;0;200;300;0;0;500;0;0;400;202;400;0;0;0;0;0;0;0;0;50;50;50;50;17576;16475.7;4480;4748.61;-0.05652465841575167
300;0;200;300;0;0;500;0;0;400;235;400;0;0;0;0;0;0;0;0;50;50;50;50;18384;16718.1;4480;4882.7;-0.08523421806993003
300;0;200;300;0;0;500;0;0;400;269;400;0;0;0;0;0;0;0;0;50;50;50;50;19192;16967.9;4480;5020.85;-0.1138141574446955
300;0;199;300;0;0;255;0;0;400;548;400;0;0;0;0;0;0;0;0;50;50;50;50;20000;17210.3;4480;5154.94;-0.1427325905454686
0;0;0;0;0;0;0;0;0;0;0;0;0;0;0;0;0;0;0;0;50;50;50;50;-200;-199.9999999999972;4800;2.813749233609997e-012;5.049973698053657e-009
102;0;82;102;0;0;9;0;0;144;0;144;0;0;0;0;0;0;0;0;50;50;50;50;608;3998.83;4800;842.137;1.73521e-005
167;0;0;167;0;0;0;0;0;93;30;93;0;0;0;0;0;0;1;0;50;50;50;50;1416;3781.05;4800;784.133;1.21042e-005
90;0;200;90;0;0;0;0;0;121;0;121;0;0;0;0;0;0;0;0;50;50;50;50;2224;4298.25;4800;1138.52;1.0616e-005
91;0;200;91;0;0;0;0;0;121;0;121;0;0;0;0;0;0;0;0;50;50;50;50;3032;4312.83;4800;1141.06;6.556752338327611e-006
91;0;200;91;0;0;0;0;0;124;0;124;0;0;0;0;0;0;0;0;50;50;50;50;3840;4355.4;4800;1143.47;2.640698316160062e-006
233;0;0;233;0;0;123;0;0;157;0;157;0;0;0;0;0;0;0;0;50;50;50;50;4648;6328.24;4800;1309.76;8.599983213395954e-006
296;0;0;296;0;0;0;0;0;245;453;245;0;0;0;0;0;0;0;0;50;50;50;50;5456;10919.6;4800;2789.09;2.79546e-005
0;0;0;0;0;0;0;0;0;400;427;400;0;0;0;0;0;0;0;0;50;50;50;50;6264;8612.49;4800;2057.48;1.20181e-005
300;0;0;300;0;0;0;0;0;342;0;342;0;0;0;0;0;1;0;1;50;50;50;50;7072;9038.66;4800;1862.39;1.00648e-005
131;0;0;131;0;0;0;0;0;400;346;400;0;0;0;0;0;0;0;0;50;50;50;50;7880;9927.33;4800;2069.16;1.04773e-005
299;0;161;299;0;0;0;0;0;272;0;272;0;0;0;0;0;0;0;0;50;50;50;50;8688;9201.38;4800;1876.04;2.629588151761478e-006
300;0;0;300;0;0;0;0;0;327;94;327;0;0;0;0;0;0;0;0;50;50;50;50;9496;9504.17;4800;1907.1;4.486258616689611e-008
300;0;180;300;0;0;0;0;0;341;0;341;0;0;0;0;0;0;0;0;50;50;50;50;10304;10334.6;4800;2098.38;1.593516715562837e-007
300;0;0;300;0;0;0;0;0;338;385;338;0;0;0;0;0;0;0;0;50;50;50;50;11112;11798;4800;2597.9;3.511893703755834e-006
300;0;200;300;0;0;82;0;0;400;0;400;0;0;0;0;0;0;0;0;50;50;50;50;11920;11921.1;4800;2439.25;7.918856219987873e-009
297;0;199;297;0;0;398;0;0;297;0;297;0;0;0;0;0;0;0;0;50;50;50;50;12728;12729.9;4800;3418.66;1.101392066904861e-008
75;0;200;75;0;0;500;0;0;400;260;400;0;0;0;0;0;0;0;0;50;50;50;50;13536;13621.4;4800;4413.48;4.374648866393719e-007
300;0;200;300;0;0;455;0;0;379;0;379;0;0;0;0;0;0;0;0;50;50;50;50;14344;14363.2;4800;3728.04;9.935423546761952e-008
299;0;200;299;0;0;500;0;0;400;26;400;0;0;0;0;0;0;0;0;50;50;50;50;15152;15168.2;4800;4030.93;8.35372111067244e-008
300;0;200;300;0;0;500;0;0;400;133;400;0;0;0;0;0;0;0;0;50;50;50;50;15960;15968.8;4800;4468.24;4.530141427947791e-008
300;0;200;300;0;0;500;0;0;400;223;400;0;0;0;0;0;0;0;0;50;50;50;50;16768;16629.9;4800;4833.94;-0.007141356841661564
300;0;200;300;0;0;500;0;0;400;256;400;0;0;0;0;0;0;0;0;50;50;50;50;17576;16872.4;4800;4968.02;-0.0360008140767205
300;0;200;300;0;0;500;0;0;400;290;400;0;0;0;0;0;0;0;0;50;50;50;50;18384;17122.1;4800;5106.18;-0.06456210259791781
300;0;200;300;0;0;498;0;0;400;325;400;0;0;0;0;0;0;0;0;50;50;50;50;19192;17364.6;4800;5240.27;-0.09349918655225843
300;0;200;300;0;0;309;0;0;400;548;400;0;0;0;0;0;0;0;0;50;50;50;50;20000;17614.3;4800;5378.42;-0.1220604750734563
